 -1.259317 0.000100 0.000100 0.000100
 -2.181902 0.000100 0.000100 0.000100
 -2.658241 0.000100 0.000100 0.000100
 -0.628757 0.000100 0.000100 0.000100
 -1.286809 -2.144257 -4.377820 -0.520638
 -0.769689 -1.988924 -3.167562 -1.027518
 -1.679640 -1.679640 -2.978899 -0.551181
 -1.123416 -2.641285 -2.496103 -0.651702
 -1.269761 -2.153260 -4.894053 -0.518345
 -0.793233 -1.722765 -3.044502 -1.134981
 -1.211092 -1.770702 -3.850056 -0.672098
 -1.404477 -2.406944 -2.630086 -0.523671
 -1.146344 -2.244954 -5.463734 -0.558558
 -0.805627 -1.710080 -2.751523 -1.176000
 -1.717647 -2.277252 -12.873912 -0.331364
 -1.396921 -2.330453 -2.575575 -0.545968
 -1.514505 -1.929448 -4.791601 -0.467518
 -0.995429 -2.036878 -3.135473 -0.784121
 -1.815285 -1.681755 -2.662564 -0.542330
 -1.299999 -2.506598 -3.008688 -0.516565
 -1.390830 -2.102324 -4.299519 -0.485509
 -0.977253 -1.354546 -3.433958 -1.098613
 -1.856290 -2.367103 -2.079429 -0.470011
 -1.435891 -2.274749 -3.028519 -0.492844
 -1.353959 -2.316767 -5.361194 -0.448638
 -0.990400 -1.709520 -3.044506 -0.916292
 -1.580448 -1.580448 -2.833175 -0.635995
 -1.579285 -2.610884 -2.610884 -0.435504
 -1.458120 -2.130212 -5.308170 -0.440735
 -0.953106 -1.474401 -2.116250 -1.327798
 -1.586963 -1.299284 -2.397879 -0.839755
 -1.595885 -2.743766 -2.576712 -0.420193
 -1.306252 -1.999397 -14.467838 -0.521298
 -0.921990 -1.532897 -3.378696 -1.043351
 -2.043067 -1.591087 -2.379534 -0.555001
 -1.655770 -2.541600 -2.863183 -0.395671
 -1.445611 -1.884976 -4.153630 -0.516076
 -1.386294 -1.473305 -2.367117 -0.850778
 -1.531475 -1.308334 -2.917732 -0.777710
 -1.772638 -2.488774 -3.071918 -0.355573
 -1.321756 -2.466883 -5.105848 -0.442508
 -1.147884 -1.243194 -3.545749 -1.006806
 -1.845821 -1.239692 -2.944399 -0.693152
 -1.804929 -2.544595 -2.986427 -0.347373
 -1.357474 -2.369071 -14.352006 -0.432135
 -1.355835 -1.741496 -2.782939 -0.682893
 -1.550595 -1.550595 -2.803323 -0.663301
 -1.886700 -2.509228 -2.767056 -0.350620
 -1.536234 -2.018070 -14.272938 -0.427868
 -1.540444 -1.295323 -2.351367 -0.875471
 -1.540443 -1.540443 -3.044482 -0.646632
 -1.824549 -2.246820 -3.066259 -0.376324
 -1.303708 -2.452325 -14.227623 -0.442570
 -1.284512 -1.386294 -3.619857 -0.806477
 -2.197211 -1.504076 -3.583430 -0.448032
 -1.993044 -2.236665 -3.161612 -0.336104
 -1.576648 -1.919591 -14.220979 -0.435926
 -1.340624 -1.176322 -3.979635 -0.888641
 -1.686394 -0.810937 -2.602654 -1.216398
 -1.858450 -2.230013 -3.105480 -0.368522
 -1.520772 -1.721442 -14.227623 -0.506422
 -1.347680 -1.206601 -3.052414 -0.932165
 -1.170074 -1.421385 -3.367210 -0.882395
 -1.804929 -2.092611 -3.024167 -0.410149
 -1.123459 -1.456164 -14.304093 -0.817085
 -1.077107 -1.143065 -2.847802 -1.263692
 -1.299284 -1.417066 -2.397874 -0.931563
 -1.719622 -2.010973 -3.234745 -0.434424
 -1.139435 -1.714798 -5.298219 -0.703198
 -1.150573 -1.301395 -2.577682 -1.092304
 -1.488076 -1.488076 -3.433900 -0.661405
 -1.941504 -2.203868 -3.024846 -0.360150
 -1.397105 -2.392530 -14.436090 -0.413564
 -1.616817 -1.386294 -4.219460 -0.622197
 -1.386294 -1.504076 -2.890333 -0.750311
 -1.962577 -2.626735 -3.543021 -0.276724
 -1.321756 -2.708043 -5.010538 -0.415517
 -1.498772 -2.145395 -2.933841 -0.500246
 -2.890294 -12.100735 -12.100735 -0.057175
 -2.086361 -3.529809 -3.418585 -0.206050
 -14.108183 -14.108183 -14.108183 -0.000002
 -12.847937 -12.847937 -12.847937 -0.000008
 -12.429233 -12.429233 -12.429233 -0.000012
 -15.679591 -15.679591 -15.679591 -0.000000
 -1.386294 -1.386294 -1.386294 -1.386294
 -1.386294 -1.386294 -1.386294 -1.386294
 -1.386294 -1.386294 -1.386294 -1.386294
 -1.570994 -2.746794 -2.130609 -0.495504
 -1.797489 -1.272966 -14.375129 -0.590076
 -1.216396 -2.197215 -1.686396 -0.897944
 -2.302579 -0.776531 -4.605074 -0.843972
 -1.586315 -2.179832 -2.065888 -0.587787
 -1.548813 -1.361602 -14.285517 -0.632524
 -0.064960 -3.459449 -14.279247 -3.459449
 -3.232093 -0.929538 -13.541079 -0.569536
 -0.530405 -1.975423 -15.312900 -1.298538
 -0.000001 -15.317364 -15.317364 -15.317364
 -0.000002 -14.137597 -14.137597 -14.137597
 -1.386294 -1.386294 -1.386294 -1.386294
 -0.000001 -14.751606 -14.751606 -14.751606
 -15.946121 -15.946121 -0.000000 -15.946121
 -1.386294 -1.386294 -1.386294 -1.386294
 -1.386294 -1.386294 -1.386294 -1.386294
 -1.386294 -1.386294 -1.386294 -1.386294
 -1.386294 -1.386294 -1.386294 -1.386294
 -1.386294 -1.386294 -1.386294 -1.386294
 -0.989577 -1.999581 -1.374488 -1.427512
 -1.386294 -1.386294 -1.386294 -1.386294
 -0.934019 -2.057323 -2.450364 -0.934019
 -0.864999 -1.902983 -2.028145 -1.209839
 -0.883956 -1.993995 -1.834931 -1.234158
 -1.181134 -2.172771 -1.376442 -1.118613
 -0.919411 -2.337452 -2.337452 -0.896244
 -1.107830 -1.433251 -1.918757 -1.257361
 -1.082988 -1.799663 -1.511982 -1.288839
 -0.942959 -2.320282 -1.760668 -1.077779
 -0.872134 0.000100 0.000100 0.000100
 -2.439803 0.000100 0.000100 0.000100
 -1.867284 0.000100 0.000100 0.000100
 -1.078161 0.000100 0.000100 0.000100
 -0.842570 -2.307335 -1.662979 -1.271902
 -0.878070 -1.602965 -1.798273 -1.525407
 -0.817822 -2.083111 -1.697448 -1.382638
 -1.011809 -2.128897 -1.504493 -1.219624
 -0.865258 -2.290179 -2.167841 -1.012295
 -0.664977 -1.722766 -2.744415 -1.415282
 -0.792477 -2.048409 -1.983870 -1.270105
 -1.105833 -2.076363 -2.028353 -0.886423
 -0.803769 -2.550678 -2.045129 -1.064300
 -0.777433 -1.976392 -2.407174 -1.165463
 -0.854536 -2.596696 -1.825992 -1.081926
 -0.862956 -2.534351 -1.715435 -1.142916
 -0.872627 -2.060222 -1.590854 -1.382421
 -0.866240 -1.759183 -1.778601 -1.433761
 -0.819217 -2.069779 -1.590206 -1.473482
 -1.048602 -2.115999 -1.485029 -1.195462
 -0.778999 -2.480660 -2.316871 -1.024809
 -0.726670 -1.609438 -2.942240 -1.332806
 -0.715126 -2.135321 -2.090370 -1.312963
 -1.078431 -2.118834 -1.993145 -0.907744
 -0.805440 -2.482319 -2.105690 -1.056134
 -0.769521 -2.079441 -2.610067 -1.084014
 -0.855203 -2.646960 -1.815664 -1.075265
 -0.920466 -2.612739 -1.609438 -1.113726
 -0.851917 -2.377047 -1.602222 -1.276074
 -0.968477 -1.512588 -2.049388 -1.304949
 -0.873932 -2.246495 -1.466337 -1.401798
 -1.123096 -2.176588 -1.429761 -1.133406
 -0.862532 -2.264546 -2.183421 -1.017838
 -0.865943 -1.541285 -2.373017 -1.301805
 -0.986616 -2.132769 -1.738603 -1.099945
 -1.173023 -2.138103 -1.941988 -0.845662
 -0.812799 -2.395657 -2.063880 -1.083786
 -0.769375 -1.903254 -2.440054 -1.202445
 -0.919494 -2.300454 -1.860143 -1.063007
 -0.892526 -2.390937 -1.624288 -1.198043
 -0.851277 -2.178863 -1.561625 -1.385633
 -0.801037 -1.600951 -2.367122 -1.363821
 -0.848545 -2.293282 -1.528676 -1.369612
 -1.086353 -2.151586 -1.410370 -1.196658
 -0.823554 -2.327631 -2.299057 -1.012662
 -0.822682 -1.652404 -2.532761 -1.238842
 -0.910253 -2.056818 -1.758666 -1.212533
 -1.139566 -2.065807 -1.803443 -0.945216
 -0.924117 -2.456263 -1.963787 -0.975411
 -0.828322 -1.855838 -2.411783 -1.148093
 -1.007263 -2.467663 -1.676879 -1.013233
 -0.889751 -2.477598 -1.709650 -1.125875
 -0.866229 -2.290006 -1.510427 -1.357186
 -0.752263 -1.724580 -2.113238 -1.471385
 -0.771357 -2.052290 -1.547195 -1.627957
 -1.117411 -2.213551 -1.310684 -1.224423
 -0.772835 -2.423031 -2.109681 -1.113618
 -0.733153 -1.693779 -2.875770 -1.275069
 -0.777558 -2.083184 -1.997006 -1.272254
 -1.159648 -2.003455 -1.987326 -0.880746
 -0.763473 -2.518762 -2.127167 -1.095953
 -0.810931 -1.827864 -2.613383 -1.134717
 -0.855117 -2.503773 -1.964778 -1.041844
 -0.860664 -2.458148 -1.697991 -1.176116
 -0.825860 -2.228295 -1.770945 -1.257875
 -0.766546 -1.740773 -1.955183 -1.521145
 -0.839101 -1.952101 -1.485728 -1.611497
 -1.096879 -2.174925 -1.462874 -1.136620
 -0.815477 -2.318765 -2.318765 -1.019483
 -0.776325 -1.777773 -2.687141 -1.194627
 -0.849716 -2.036881 -1.972343 -1.194357
 -1.098612 -2.182095 -1.957152 -0.885273
 -0.921812 -2.346911 -2.099602 -0.957027
 -1.070039 -1.548529 -2.442345 -1.028654
 -0.993252 -2.266216 -1.814232 -1.013455
 -1.004096 -2.403461 -1.714710 -1.012791
 -0.934856 -2.651141 -1.833145 -0.975837
 -0.964429 -1.904983 -2.036011 -1.080501
 -0.940244 -2.296684 -1.565072 -1.204631
 -0.922796 -2.543816 -1.798648 -1.025813
 -16.445959 -16.445959 -16.445959 -0.000000
 -14.930654 -14.930654 -14.930654 -0.000001
 -15.583661 -15.583661 -15.583661 -0.000001
 -16.344435 -16.344435 -16.344435 -0.000000
 -1.386294 -1.386294 -1.386294 -1.386294
 -1.386294 -1.386294 -1.386294 -1.386294
 -1.386294 -1.386294 -1.386294 -1.386294
 -0.848053 -2.466120 -1.746656 -1.163207
 -0.860382 -2.023532 -1.598265 -1.416488
 -0.791128 -1.771956 -1.897119 -1.484275
 -0.847298 -2.472002 -1.317302 -1.517972
 -1.085117 -2.016262 -1.415708 -1.250953
 -0.721136 -2.141482 -2.001197 -1.342674
 -0.620310 -1.565953 -3.064721 -1.576648
 -0.764512 -2.282382 -1.781607 -1.331690
 -1.169946 -1.866736 -2.041784 -0.903395
 -0.000000 -16.568535 -16.568535 -16.568535
 -0.000001 -15.377857 -15.377857 -15.377857
 -0.000001 -15.339392 -15.339392 -15.339392
 -0.000000 -16.145712 -16.145712 -16.145712
 -17.380243 -17.380243 -0.000000 -17.380243
 -1.386294 -1.386294 -1.386294 -1.386294
 -1.386294 -1.386294 -1.386294 -1.386294
 -1.386294 -1.386294 -1.386294 -1.386294
 -1.386294 -1.386294 -1.386294 -1.386294
 -1.386294 -1.386294 -1.386294 -1.386294
 -0.752322 -2.173450 -1.776312 -1.403711
 -1.386294 -1.386294 -1.386294 -1.386294
 -0.690149 -2.699081 -2.023953 -1.206980
 -0.837397 -2.332889 -2.629154 -0.921279
 -0.737599 -2.992391 -2.103131 -1.051257
 -0.874548 -2.623056 -1.524445 -1.228858
 -0.846092 -2.197828 -1.560562 -1.386898
 -0.882048 -1.508184 -2.031431 -1.454117
 -0.815835 -2.031676 -1.491437 -1.601640
 -1.081805 -2.124136 -1.457456 -1.175538
