 -1.270266 0.000100 0.000100 0.000100
 -2.147982 0.000100 0.000100 0.000100
 -2.925684 0.000100 0.000100 0.000100
 -0.599847 0.000100 0.000100 0.000100
 -1.269761 -1.849576 -13.698981 -0.576616
 -0.777709 -2.001471 -2.917731 -1.045972
 -2.140040 -2.140040 -2.833137 -0.348322
 -1.308908 -2.761153 -2.674143 -0.514666
 -1.419817 -1.945907 -13.721204 -0.485510
 -0.632529 -2.772551 -12.676088 -0.900791
 -1.321758 -1.321758 -11.918417 -0.762152
 -1.403196 -2.622431 -2.414793 -0.523948
 -1.693318 -2.386459 -13.676253 -0.322776
 -0.757692 -1.856290 -2.772551 -1.163153
 -1.673968 -1.386294 -2.772514 -0.693160
 -1.738270 -2.719094 -2.639052 -0.375694
 -1.791756 -1.624704 -13.400002 -0.451989
 -1.421385 -1.757852 -3.367210 -0.594715
 -1.673968 -1.673968 -2.772514 -0.575378
 -1.716957 -2.149820 -2.688814 -0.452680
 -2.450992 -2.114526 -4.060350 -0.253785
 -0.862227 -2.197213 -2.197213 -1.034076
 -2.079417 -1.673968 -2.079417 -0.575378
 -1.459625 -3.091033 -2.580212 -0.436238
 -1.711715 -1.974077 -13.487012 -0.384849
 -1.098616 -1.232146 -12.388411 -0.980835
 -1.749192 -1.343735 -12.345852 -0.570555
 -1.704747 -2.343825 -2.890365 -0.405466
 -1.625965 -1.625965 -13.321220 -0.499960
 -1.658225 -1.252764 -1.945903 -0.965084
 -1.704734 -1.704734 -1.704734 -0.788474
 -2.055108 -2.055108 -3.115972 -0.357380
 -1.473305 -1.568614 -3.871109 -0.613109
 -1.312187 -1.648656 -2.564932 -0.773193
 -1.041461 -1.734591 -1.734591 -1.223779
 -1.560647 -2.120261 -2.995724 -0.478037
 -1.805550 -1.651400 -13.500805 -0.440315
 -1.652920 -1.547561 -3.156959 -0.592056
 -2.890294 -1.504075 -2.197197 -0.492490
 -1.891547 -2.051889 -2.789484 -0.416703
 -1.406913 -2.282371 -3.891728 -0.457838
 -1.223777 -1.533929 -3.238636 -0.796335
 -1.609431 -2.707977 -1.321758 -0.762152
 -1.619388 -2.669205 -3.362345 -0.359509
 -1.358124 -2.051265 -13.458841 -0.487298
 -1.236764 -1.824542 -2.047681 -0.869043
 -1.252766 -11.849426 -1.945889 -0.559632
 -1.724748 -2.263742 -2.600213 -0.440735
 -1.639742 -2.258774 -13.415039 -0.354549
 -1.252764 -1.945902 -3.555259 -0.610915
 -1.435084 -2.351344 -3.044441 -0.479584
 -1.935652 -2.559803 -2.782945 -0.333386
 -0.980832 -2.415901 -13.235699 -0.624158
 -1.064715 -1.575534 -2.674112 -0.969405
 -2.638986 -1.252766 -1.945889 -0.693161
 -1.983296 -2.440053 -3.305043 -0.303092
 -1.036094 -1.929905 -4.127041 -0.725940
 -1.446918 -1.329137 -2.140053 -0.961415
 -1.098621 -1.386294 -2.484840 -1.098621
 -1.678772 -2.206838 -3.039741 -0.422355
 -1.071585 -1.651400 -13.500805 -0.764101
 -0.950979 -1.299284 -3.091002 -1.219242
 -1.386294 -2.772514 -11.982954 -0.374709
 -2.219201 -2.381719 -2.649981 -0.317097
 -1.054162 -2.243736 -13.400002 -0.606139
 -1.481604 -1.481604 -2.397879 -0.788462
 -1.098619 -1.609431 -2.707977 -0.916301
 -1.925289 -2.261760 -3.060262 -0.352222
 -1.011603 -1.550596 -13.400002 -0.857453
 -0.980833 -2.590244 -3.688789 -0.644362
 -0.847310 -1.540440 -11.849426 -1.029628
 -1.882005 -2.338762 -2.980611 -0.355951
 -1.181995 -2.120258 -13.527834 -0.556291
 -0.955515 -1.717647 -2.564926 -1.024507
 -1.299286 -1.704734 -2.397832 -0.788474
 -1.593933 -2.424278 -2.772583 -0.437215
 -1.290985 -1.897117 -4.381932 -0.575367
 -1.609435 -1.475905 -1.763583 -0.916295
 -0.980838 -0.980838 -11.982954 -1.386294
 -2.047691 -2.827844 -2.281305 -0.342946
 -0.466624 -1.033017 -4.077444 -13.287885
 -0.666484 -0.971864 -2.224609 -12.821269
 -0.485517 -1.466336 -1.871792 -12.468452
 -0.719124 -1.302708 -1.422852 -14.483342
 -1.166751 -2.409939 -4.424799 -0.533028
 -0.905710 -2.751523 -2.058384 -0.905710
 -1.192140 -2.926713 -2.926713 -0.528848
 -1.386294 -1.386294 -1.386294 -1.386294
 -1.581786 -1.061912 -4.672732 -0.822683
 -0.693156 -1.791751 -2.484873 -1.386294
 -2.833137 -0.636001 -12.043577 -0.887312
 -1.122566 -2.564944 -1.951843 -0.786094
 -1.455287 -1.098613 -4.499714 -0.862225
 -0.082696 -4.143041 -13.353481 -2.756822
 -1.909532 -0.656787 -12.506192 -1.098616
 -0.431346 -2.086765 -14.130324 -1.485993
 -0.000002 -14.357838 -14.357838 -14.357838
 -0.000005 -13.337481 -13.337481 -13.337481
 -0.000300 -9.210740 -9.210740 -9.210740
 -0.000004 -13.617064 -13.617064 -13.617064
 -14.969243 -14.969243 -0.000001 -14.969243
 -1.386294 -1.386294 -1.386294 -1.386294
 -1.386294 -1.386294 -1.386294 -1.386294
 -1.386294 -1.386294 -1.386294 -1.386294
 -1.386294 -1.386294 -1.386294 -1.386294
 -1.386294 -1.386294 -1.386294 -1.386294
 -1.133929 -2.262393 -1.163782 -1.340061
 -1.386294 -1.386294 -1.386294 -1.386294
 -1.069626 -3.015519 -3.015519 -0.581924
 -1.098615 -1.704744 -3.496420 -0.788463
 -0.857452 -1.822529 -2.030167 -1.262916
 -1.086637 -2.116250 -1.374318 -1.240787
 -0.969402 -1.920374 -2.355689 -0.969402
 -0.971864 -2.001471 -1.665004 -1.213024
 -1.290985 -1.609435 -1.290985 -1.386294
 -1.082613 -2.112228 -1.684786 -1.036093
 -0.829305 0.000100 0.000100 0.000100
 -2.343097 0.000100 0.000100 0.000100
 -2.059298 0.000100 0.000100 0.000100
 -1.078591 0.000100 0.000100 0.000100
 -0.896444 -2.339363 -1.513792 -1.289099
 -0.849454 -1.761222 -1.915373 -1.373457
 -0.839546 -2.402770 -1.501648 -1.367026
 -0.993434 -2.299307 -1.456174 -1.216578
 -0.724326 -2.229363 -2.109981 -1.249976
 -0.793231 -1.425134 -2.639056 -1.445135
 -0.715025 -2.213298 -1.734221 -1.491908
 -1.257015 -2.013341 -1.794891 -0.877525
 -0.768934 -2.508146 -2.153975 -1.081602
 -0.726386 -1.897120 -2.684295 -1.210404
 -0.802143 -2.427454 -2.002186 -1.113730
 -0.946565 -2.309965 -1.903129 -1.011805
 -0.900246 -2.323908 -1.529720 -1.276387
 -0.880359 -1.660799 -1.878887 -1.416264
 -0.811183 -2.373893 -1.448945 -1.479582
 -1.017278 -2.381593 -1.425778 -1.185159
 -0.760756 -2.192232 -1.996924 -1.254328
 -0.760782 -1.552808 -2.657053 -1.382734
 -0.748027 -2.037069 -1.693846 -1.548913
 -1.175984 -2.001837 -1.759732 -0.956314
 -0.792969 -2.450713 -2.148727 -1.065266
 -0.739044 -1.894009 -2.741306 -1.179356
 -0.803495 -2.412933 -2.001314 -1.116179
 -0.975343 -2.430149 -1.798980 -0.995752
 -0.903479 -2.322846 -1.553713 -1.253910
 -0.880664 -1.714510 -1.886810 -1.370870
 -0.815835 -2.285125 -1.500171 -1.457246
 -1.074412 -2.228323 -1.308693 -1.270755
 -0.782540 -2.194993 -2.000332 -1.217034
 -0.699958 -1.574971 -2.625573 -1.496190
 -0.774373 -2.066972 -1.687709 -1.480623
 -1.130814 -2.047806 -1.842362 -0.942201
 -0.797536 -2.491341 -2.055816 -1.082418
 -0.846345 -1.831628 -2.478255 -1.117862
 -0.842213 -2.426332 -1.934925 -1.089310
 -0.995918 -2.368789 -1.725766 -1.024475
 -0.862457 -2.344760 -1.547946 -1.311849
 -0.834575 -1.793041 -1.906985 -1.382460
 -0.816948 -2.238046 -1.520207 -1.457194
 -1.006729 -2.383170 -1.377649 -1.237326
 -0.734580 -2.214151 -2.037899 -1.270310
 -0.832548 -1.517419 -2.146714 -1.474402
 -0.735609 -2.095297 -1.709817 -1.528531
 -1.172119 -2.041957 -1.808933 -0.924609
 -0.772853 -2.451641 -2.174925 -1.083122
 -0.745402 -1.971203 -2.505285 -1.189035
 -0.783644 -2.400394 -1.961843 -1.164816
 -0.914384 -2.264311 -1.720564 -1.150844
 -0.852799 -2.361468 -1.548567 -1.320710
 -0.918803 -1.944656 -1.739212 -1.264754
 -0.874160 -2.264948 -1.477311 -1.383492
 -0.999789 -2.345261 -1.391290 -1.246649
 -0.748137 -2.189872 -2.078212 -1.239020
 -0.789935 -1.422616 -2.452235 -1.518947
 -0.709435 -2.126784 -1.759419 -1.529181
 -1.029256 -2.072195 -1.867267 -1.015358
 -0.789632 -2.468547 -2.146798 -1.065886
 -0.767182 -1.869901 -2.563047 -1.189176
 -0.795946 -2.549089 -1.920481 -1.126530
 -0.914558 -2.455002 -1.717404 -1.096879
 -0.871189 -2.404690 -1.483412 -1.330328
 -0.804295 -1.902906 -1.777218 -1.450922
 -0.715662 -2.367742 -1.589235 -1.544783
 -0.973537 -2.209205 -1.420748 -1.305880
 -0.751023 -2.270669 -2.065554 -1.210241
 -0.722561 -1.548529 -2.544625 -1.498657
 -0.745611 -2.120263 -1.717890 -1.486729
 -1.070522 -2.063633 -1.883214 -0.972654
 -0.732773 -2.512305 -2.146987 -1.134730
 -0.740143 -1.989772 -2.467101 -1.199326
 -0.765689 -2.384696 -1.935337 -1.209005
 -0.858864 -2.475277 -1.860091 -1.088983
 -0.900145 -2.182801 -1.515033 -1.343376
 -0.810930 -1.657200 -1.882143 -1.548249
 -0.851178 -2.020241 -1.607504 -1.426794
 -1.142976 -2.196450 -1.261519 -1.249282
 -0.422551 -1.820235 -1.700241 -17.249176
 -0.512865 -1.216268 -2.254862 -16.099932
 -0.523047 -1.854799 -1.383084 -16.741894
 -0.665608 -1.542182 -1.301494 -16.866205
 -0.772947 -2.512513 -2.108759 -1.090951
 -0.756949 -2.000050 -2.541797 -1.149324
 -0.775920 -2.562615 -1.912028 -1.155702
 -1.386294 -1.386294 -1.386294 -1.386294
 -0.799402 -2.357695 -1.365598 -1.606761
 -0.818493 -1.741014 -1.839454 -1.493178
 -0.775803 -2.060826 -1.462170 -1.711556
 -1.056005 -2.192316 -1.261889 -1.357199
 -0.608421 -2.216765 -1.945612 -1.589980
 -0.679873 -1.411098 -2.523503 -1.776289
 -0.596856 -2.235229 -1.770399 -1.758938
 -1.151547 -1.837551 -1.884919 -0.986701
 0.000000 -17.495096 -17.495096 -17.495096
 -0.000000 -16.198753 -16.198753 -16.198753
 -0.000000 -16.272532 -16.272532 -16.272532
 -0.000000 -16.731117 -16.731117 -16.731117
 -18.205009 -18.205009 0.000000 -18.205009
 -1.386294 -1.386294 -1.386294 -1.386294
 -1.386294 -1.386294 -1.386294 -1.386294
 -1.386294 -1.386294 -1.386294 -1.386294
 -1.386294 -1.386294 -1.386294 -1.386294
 -1.386294 -1.386294 -1.386294 -1.386294
 -0.719547 -2.142426 -1.666231 -1.576488
 -1.386294 -1.386294 -1.386294 -1.386294
 -0.621152 -2.811290 -2.211336 -1.227604
 -0.845890 -2.098652 -2.863257 -0.938740
 -0.680749 -2.637089 -2.351703 -1.117837
 -0.945835 -2.505526 -1.671978 -1.072545
 -0.811503 -2.371796 -1.475875 -1.452784
 -0.678185 -1.914580 -1.985197 -1.571635
 -0.812524 -2.138474 -1.515286 -1.520129
 -0.987549 -2.260219 -1.357351 -1.324852
