 -0.851278 0.000100 0.000100 0.000100
 -2.127148 0.000100 0.000100 0.000100
 -1.893155 0.000100 0.000100 0.000100
 -1.192840 0.000100 0.000100 0.000100
 -0.683047 -2.421001 -2.169687 -1.231419
 -0.606138 -1.992427 -2.908708 -1.333185
 -0.775592 -1.567178 -2.295412 -1.468738
 -1.146154 -1.945909 -2.108428 -0.872616
 -0.727719 -2.170875 -2.129202 -1.258850
 -0.545019 -1.888750 -2.294212 -1.783390
 -0.643878 -1.299283 -2.397888 -2.197219
 -0.812639 -1.991292 -1.830024 -1.349439
 -0.544728 -2.217426 -2.741949 -1.399717
 -0.565315 -1.887068 -2.243741 -1.747306
 -0.444688 -1.928958 -1.989582 -2.564942
 -1.029620 -1.627456 -1.774059 -1.284512
 -0.878324 -3.060946 -1.153019 -1.505096
 -0.460817 -3.075761 -1.871800 -1.776491
 -0.567380 -2.089800 -1.578978 -2.272120
 -1.088904 -2.064912 -1.228666 -1.410987
 -15.226499 -15.226499 -0.000001 -15.226499
 -13.415039 -13.415039 -0.000004 -13.415039
 -14.751605 -14.751605 -0.000001 -14.751605
 -14.462616 -14.462616 -0.000002 -14.462616
 -1.386294 -1.386294 -1.386294 -1.386294
 -1.386294 -1.386294 -1.386294 -1.386294
 -16.037970 -16.037970 -16.037970 -0.000000
 -1.386294 -1.386294 -1.386294 -1.386294
 -1.386294 -1.386294 -1.386294 -1.386294
 -1.386294 -1.386294 -1.386294 -1.386294
 -1.386294 -1.386294 -1.386294 -1.386294
 -0.955512 -16.037970 -4.188565 -0.510465
 -0.000001 -15.082459 -15.082459 -15.082459
 -1.386294 -1.386294 -1.386294 -1.386294
 -0.000021 -11.849426 -11.849426 -11.849426
 -0.000001 -15.527506 -15.527506 -15.527506
 -0.702946 -2.935807 -1.591187 -1.393907
 -1.386294 -1.386294 -1.386294 -1.386294
 -1.386294 -1.386294 -1.386294 -1.386294
 -1.386294 -1.386294 -1.386294 -1.386294
 -1.234334 -2.905804 -1.055779 -1.183041
 -0.947384 -1.812374 -1.945904 -1.183771
 -1.016935 -2.191917 -2.145397 -0.892637
 -0.859012 -2.794659 -1.356185 -1.356185
 -0.683729 -2.147982 -2.714376 -1.163782
 -0.664163 -1.916918 -3.120868 -1.223776
 -0.998529 -1.520404 -2.213549 -1.191900
 -0.885832 -2.628798 -2.454445 -0.845010
 -0.534083 -2.605153 -3.298297 -1.194169
 -0.676888 -1.913647 -2.724570 -1.277661
 -0.480589 -1.932834 -2.251285 -2.028143
 -0.859917 -2.769455 -2.546313 -0.830718
 -0.676686 -2.349301 -3.042446 -1.053980
 -0.519303 -2.423528 -2.983134 -1.324926
 -0.591368 -1.828123 -2.639039 -1.540444
 -0.840784 -2.727849 -2.504707 -0.863773
 -0.507170 -2.686308 -3.287079 -1.229948
 -0.556574 -2.008820 -2.209488 -1.698667
 -0.693151 -1.252764 -2.233583 -2.233583
 -0.850333 -2.503253 -2.243743 -0.954906
 -0.599694 -2.530842 -2.760416 -1.177126
 -0.704984 -1.877699 -2.833198 -1.223776
 -0.803498 -1.565634 -2.412922 -1.371479
 -0.867671 -2.693912 -2.342515 -0.876181
 -0.861937 0.000100 0.000100 0.000100
 -2.218985 0.000100 0.000100 0.000100
 -2.063761 0.000100 0.000100 0.000100
 -1.073056 0.000100 0.000100 0.000100
 -0.787813 -2.654662 -1.890689 -1.127410
 -0.818478 -2.138813 -2.204771 -1.106160
 -0.866071 -2.678447 -1.725345 -1.100761
 -0.908354 -2.602291 -1.597556 -1.138439
 -0.862789 -2.168580 -1.743060 -1.242394
 -0.786325 -1.448700 -2.111993 -1.668062
 -0.845673 -2.396269 -1.523782 -1.340218
 -1.210431 -2.140906 -1.644469 -0.938363
 -0.732792 -2.527497 -2.379687 -1.058441
 -0.621300 -2.404689 -2.510049 -1.233757
 -0.876358 -2.310019 -1.909542 -1.089763
 -0.911465 -2.382188 -2.108894 -0.956215
 -1.023599 -2.868865 -1.952575 -0.816380
 -0.893476 -1.955183 -2.648328 -0.971641
 -1.062245 -3.059444 -1.755391 -0.833403
 -1.201898 -2.562615 -1.386294 -0.988125
 -16.344435 -16.344435 -0.000000 -16.344435
 -14.763302 -14.763302 -0.000001 -14.763302
 -15.685774 -15.685774 -0.000000 -15.685774
 -16.529543 -16.529543 -0.000000 -16.529543
 -1.386294 -1.386294 -1.386294 -1.386294
 -1.386294 -1.386294 -1.386294 -1.386294
 -17.418287 -17.418287 -17.418287 -0.000000
 -1.386294 -1.386294 -1.386294 -1.386294
 -1.386294 -1.386294 -1.386294 -1.386294
 -1.386294 -1.386294 -1.386294 -1.386294
 -1.386294 -1.386294 -1.386294 -1.386294
 -1.019534 -2.241800 -1.578584 -1.118704
 -0.000000 -16.398754 -16.398754 -16.398754
 -0.000001 -15.176488 -15.176488 -15.176488
 -0.000000 -15.839705 -15.839705 -15.839705
 -0.000000 -16.299583 -16.299583 -16.299583
 -0.900745 -2.218985 -2.381947 -0.934854
 -1.386294 -1.386294 -1.386294 -1.386294
 -1.386294 -1.386294 -1.386294 -1.386294
 -1.386294 -1.386294 -1.386294 -1.386294
 -0.858313 -2.183238 -1.727472 -1.252763
 -0.705758 -1.632252 -2.204771 -1.606934
 -0.849267 -1.934179 -1.698865 -1.407159
 -0.854728 -2.353111 -1.464950 -1.392560
 -0.818521 -2.263655 -1.786104 -1.247108
 -0.702450 -1.698977 -1.990887 -1.686399
 -0.736696 -2.266318 -1.487874 -1.651503
 -1.066402 -2.024985 -1.580299 -1.146189
 -0.894029 -2.281875 -2.055012 -1.019399
 -0.773190 -1.747504 -2.480390 -1.271028
 -0.837042 -2.230161 -1.895648 -1.173514
 -0.993252 -2.143157 -2.035168 -0.963154
 -0.869499 -2.447684 -1.855633 -1.084737
 -0.758785 -1.893205 -2.414501 -1.231808
 -0.928113 -2.714479 -1.543298 -1.124588
 -0.850968 -2.534796 -1.733816 -1.148502
 -0.845374 -2.269754 -1.866361 -1.162894
 -0.680952 -1.538402 -2.568019 -1.597242
 -0.791472 -2.089525 -1.597800 -1.510789
 -1.056579 -2.235839 -1.641947 -1.044545
 -0.829884 -2.457614 -2.321202 -0.967307
 -0.740550 -1.649585 -2.602687 -1.358895
 -0.826447 -1.994052 -1.994052 -1.237483
 -1.052546 -2.193604 -1.988509 -0.909965
