 -0.850152 0.000100 0.000100 0.000100
 -1.989584 0.000100 0.000100 0.000100
 -2.159482 0.000100 0.000100 0.000100
 -1.137833 0.000100 0.000100 0.000100
 -0.891600 -1.771955 -2.525720 -1.078811
 -0.826684 -1.268513 -2.367103 -1.673972
 -0.587795 -2.197206 -1.909532 -1.686394
 -0.653929 -1.919589 -2.708035 -1.321756
 -0.648299 -2.126395 -1.646824 -1.800974
 -0.644362 -1.609435 -2.302570 -1.742965
 -0.597848 -1.049828 -2.995652 -2.995652
 -1.038895 -1.871798 -1.284016 -1.535329
 -0.544114 -2.153545 -2.639048 -1.460402
 -0.203606 -2.538951 -2.944399 -2.944399
 -0.318460 -1.992422 -2.397879 -3.091002
 -0.470010 -1.897113 -2.079432 -2.302570
 -1.005087 -3.931795 -0.635990 -2.465484
 -0.559624 -12.542559 -1.134983 -2.233573
 -0.641865 -2.944360 -0.998536 -2.944360
 -1.223777 -2.833175 -0.753777 -1.734596
 -13.732133 -13.732133 -0.000003 -13.732133
 -11.002167 -11.002167 -0.000050 -11.002167
 -13.937732 -13.937732 -0.000003 -13.937732
 -12.345852 -12.345852 -0.000013 -12.345852
 -1.386294 -1.386294 -1.386294 -1.386294
 -1.386294 -1.386294 -1.386294 -1.386294
 -14.665663 -14.665663 -14.665663 -0.000001
 -1.386294 -1.386294 -1.386294 -1.386294
 -1.386294 -1.386294 -1.386294 -1.386294
 -1.386294 -1.386294 -1.386294 -1.386294
 -1.386294 -1.386294 -1.386294 -1.386294
 -0.499495 -14.665663 -4.069004 -0.977985
 -14.166170 -1.429466 -2.390873 -0.401952
 -1.386294 -1.386294 -1.386294 -1.386294
 -10.596735 -10.596735 -0.693197 -0.693197
 -13.687682 -2.685565 -1.769284 -0.272647
 -1.386294 -1.386294 -1.386294 -1.386294
 -1.049825 -12.899230 -1.049825 -1.203974
 -0.762146 -3.401111 -1.003306 -2.014891
 -0.756062 -2.797274 -1.228666 -1.732570
 -1.157454 -2.862188 -1.098613 -1.219974
 -0.788474 -11.608273 -0.788474 -2.397832
 -1.112407 -1.892560 -2.498689 -0.824726
 -0.973452 -13.017012 -1.098614 -1.241714
 -0.457428 -2.759995 -2.983134 -1.373716
 -0.636001 -1.734591 -12.043577 -1.223779
 -1.115143 -2.319104 -4.110780 -0.584517
 -0.732890 -2.264357 -2.397886 -1.124931
 -0.882391 -2.355689 -3.367274 -0.783300
 -0.893825 -2.397863 -12.301401 -0.693156
 -0.875482 -1.791743 -1.791743 -1.386294
 -0.819901 -2.821364 -2.821364 -0.819901
 -0.766480 -2.110209 -13.805464 -0.881549
 -0.510837 -2.995652 -2.995652 -1.203976
 -0.788474 -0.606156 -11.608273 -11.608273
 -1.006806 -2.341799 -2.852618 -0.732370
 -0.440736 -2.823348 -3.921927 -1.282916
 -0.534090 -1.575533 -3.367209 -1.757852
 -0.847322 -1.252770 -1.945867 -1.945867
 -0.790523 -3.881518 -3.881518 -0.682893
 -0.583148 -2.374901 -3.068039 -1.196251
 -0.693160 -2.079417 -2.079417 -1.386294
 -0.405507 -1.791726 -1.791726 -11.002167
 -0.953106 -2.809387 -2.472921 -0.755281
 -0.985593 0.000100 0.000100 0.000100
 -2.118494 0.000100 0.000100 0.000100
 -2.027421 0.000100 0.000100 0.000100
 -0.981109 0.000100 0.000100 0.000100
 -0.806446 -2.340758 -1.898369 -1.179311
 -0.670158 -2.192584 -2.374905 -1.259764
 -0.817320 -2.543939 -1.754255 -1.181579
 -0.917037 -2.547210 -1.489090 -1.215976
 -0.960524 -2.167852 -1.787921 -1.091904
 -0.880821 -1.612582 -1.945910 -1.413345
 -0.993733 -2.118662 -1.354746 -1.379905
 -1.163989 -2.085509 -1.595116 -1.019895
 -0.757300 -2.362631 -2.439264 -1.050760
 -0.705431 -1.999484 -2.852260 -1.161598
 -0.882937 -2.179870 -1.940092 -1.109614
 -0.808206 -2.636877 -1.940686 -1.081303
 -1.299078 -2.568341 -1.726221 -0.749509
 -0.964899 -2.098601 -2.339763 -0.916291
 -1.238561 -3.000718 -1.784324 -0.708185
 -1.331944 -2.619798 -1.305647 -0.935928
 -16.820204 -16.820204 -0.000000 -16.820204
 -15.518439 -15.518439 -0.000001 -15.518439
 -16.478563 -16.478563 -0.000000 -16.478563
 -17.266451 -17.266451 -0.000000 -17.266451
 -1.386294 -1.386294 -1.386294 -1.386294
 -1.386294 -1.386294 -1.386294 -1.386294
 -18.085768 -18.085768 -18.085768 -0.000000
 -1.386294 -1.386294 -1.386294 -1.386294
 -1.386294 -1.386294 -1.386294 -1.386294
 -1.386294 -1.386294 -1.386294 -1.386294
 -1.386294 -1.386294 -1.386294 -1.386294
 -0.991981 -2.549277 -1.666826 -1.015628
 -17.093786 -1.625779 -1.359884 -0.604128
 -15.536490 -1.116663 -1.413495 -0.845511
 -16.418941 -1.494867 -1.099353 -0.815010
 -17.070139 -1.583156 -1.150495 -0.737739
 -1.386294 -1.386294 -1.386294 -1.386294
 -0.787030 -1.676577 -2.657406 -1.245968
 -0.854511 -2.209761 -1.959903 -1.127290
 -0.994245 -2.161850 -1.833149 -1.035705
 -1.051700 -2.263284 -1.888176 -0.928109
 -0.961161 -1.967816 -2.295029 -0.975427
 -0.995428 -2.278043 -1.960509 -0.948908
 -0.932662 -2.257638 -1.657385 -1.167123
 -0.914973 -2.166795 -1.703807 -1.194224
 -0.788972 -1.787906 -2.337951 -1.266369
 -0.958734 -1.989753 -1.448037 -1.407063
 -1.028545 -2.071790 -1.614829 -1.146999
 -0.972221 -2.419378 -2.120624 -0.884733
 -0.905421 -1.637140 -2.758480 -1.085583
 -0.887944 -2.229865 -1.990192 -1.066280
 -1.081805 -2.167995 -1.914853 -0.918176
 -0.906491 -2.450931 -1.829243 -1.051788
 -0.870555 -1.816698 -2.188640 -1.182047
 -0.829420 -2.405818 -1.763964 -1.196858
 -0.973619 -2.443795 -1.539240 -1.136589
 -0.895686 -2.281123 -1.755342 -1.149942
 -0.851204 -1.630118 -2.197224 -1.323951
 -0.994593 -2.015297 -1.482236 -1.310385
 -1.118432 -2.131993 -1.650367 -1.014378
 -0.860876 -2.330438 -2.278381 -0.974170
 -0.826515 -1.636137 -2.523439 -1.246483
 -0.987990 -2.220427 -1.703984 -1.087210
 -1.019752 -2.267660 -2.031048 -0.904947
