 -1.330769 0.000100 0.000100 0.000100
 -1.793392 0.000100 0.000100 0.000100
 -1.952456 0.000100 0.000100 0.000100
 -0.850021 0.000100 0.000100 0.000100
 -1.136353 -1.504077 -2.602684 -0.960463
 -1.257677 -2.679052 -2.322381 -0.599623
 -0.854992 -1.980998 -2.068008 -1.170072
 -1.617100 -1.984824 -1.561011 -0.789222
 -0.873119 -2.191357 -2.833206 -0.887304
 -1.291984 -2.025949 -2.564939 -0.660714
 -1.076141 -2.531417 -1.992426 -0.813777
 -1.725801 -1.663926 -1.327454 -1.001239
 -1.092849 -1.752093 -2.320075 -0.933785
 -1.644122 -1.644122 -3.378696 -0.545514
 -0.833921 -2.649199 -2.292529 -0.931560
 -1.563097 -1.683241 -1.726726 -0.851259
 -1.098613 -1.740465 -2.576709 -0.878985
 -1.247825 -2.312529 -2.312529 -0.663879
 -0.950194 -2.238039 -2.238039 -0.916293
 -1.691675 -1.671473 -1.558144 -0.873967
 -0.988993 -2.008822 -2.614954 -0.865761
 -1.640527 -1.876915 -2.282377 -0.595986
 -1.330414 -2.386459 -1.900956 -0.704710
 -1.769286 -2.141960 -1.481604 -0.723920
 -1.045969 -2.052771 -2.289158 -0.870079
 -1.497519 -1.765782 -2.721281 -0.617164
 -1.418383 -1.781286 -2.068966 -0.769689
 -1.854938 -1.694595 -1.509192 -0.823768
 -1.213682 -1.931519 -2.730021 -0.707747
 -1.329136 -3.015519 -2.060020 -0.581924
 -1.578978 -2.009758 -1.578978 -0.790523
 -1.956838 -1.931520 -1.509527 -0.707747
 -1.347680 -1.799663 -2.279233 -0.749844
 -1.466337 -2.159478 -2.277260 -0.595511
 -1.499234 -2.555279 -1.926676 -0.591680
 -2.164962 -1.982641 -1.376506 -0.703033
 -1.136001 -2.206437 -2.899575 -0.665998
 -1.386294 -2.436107 -3.283386 -0.470007
 -1.360092 -2.162434 -1.954796 -0.720056
 -2.026220 -1.955602 -1.520285 -0.677199
 -1.331806 -1.609437 -3.036541 -0.717441
 -1.765782 -2.721281 -3.232093 -0.323404
 -1.967647 -2.335368 -1.824547 -0.507250
 -2.076310 -1.813947 -1.461126 -0.734754
 -1.417066 -1.761905 -3.208804 -0.606138
 -1.215023 -2.025949 -2.901406 -0.660714
 -1.406914 -1.876915 -2.505517 -0.653144
 -2.318087 -1.758473 -1.414377 -0.721231
 -1.271632 -1.839613 -2.881056 -0.683847
 -1.427116 -2.302579 -2.525720 -0.544729
 -1.856295 -2.367117 -2.079437 -0.470006
 -1.711220 -1.998902 -1.502466 -0.773728
 -1.362578 -2.055722 -3.218859 -0.551649
 -1.584119 -2.054119 -2.410789 -0.550049
 -1.609437 -2.251286 -1.781286 -0.641856
 -2.169052 -2.038999 -1.625438 -0.582089
 -1.168994 -2.149818 -4.634633 -0.574288
 -2.264357 -1.778854 -2.734353 -0.411983
 -1.455287 -2.014899 -1.666595 -0.810932
 -2.100060 -1.848746 -1.663343 -0.633724
 -1.051211 -2.149818 -4.634633 -0.645747
 -1.871799 -2.431410 -2.431410 -0.399988
 -1.644122 -1.992426 -1.769284 -0.693149
 -2.275756 -2.113238 -1.407669 -0.631635
 -0.743921 -2.417889 -3.921927 -0.877452
 -1.443452 -1.974077 -2.667214 -0.587790
 -1.395864 -1.945907 -1.945907 -0.762142
 -2.029940 -1.686996 -1.348222 -0.858304
 -1.378914 -1.860751 -4.212080 -0.548568
 -1.731133 -1.731133 -4.564252 -0.453477
 -1.746907 -2.126395 -1.600305 -0.684017
 -2.242174 -1.658228 -1.482337 -0.741938
 -1.417066 -2.197219 -13.805464 -0.436239
 -1.376632 -1.862138 -3.025275 -0.609379
 -1.330414 -2.163318 -2.163318 -0.681721
 -1.974080 -2.225394 -1.450010 -0.656780
 -1.244325 -2.062631 -3.672042 -0.581032
 -1.386294 -2.197217 -3.178026 -0.515469
 -1.291984 -2.719088 -1.802807 -0.704199
 -2.043934 -2.437837 -1.305325 -0.669337
 -1.176574 -1.791758 -3.401176 -0.709956
 -1.287855 -2.114525 -2.674130 -0.626459
 -1.243795 -2.512298 -2.224619 -0.649089
 -2.143156 -2.143156 -1.314835 -0.699340
 -0.481453 -1.098613 -3.020411 -14.022528
 -0.615189 -1.168572 -1.906166 -13.514411
 -0.468138 -1.728388 -1.628305 -13.883173
 -1.429276 -1.098613 -0.850540 -14.943683
 -0.607434 -2.604633 -2.181778 -1.314970
 -0.963068 -3.433973 -1.375599 -1.098613
 -0.961412 -2.302582 -0.976916 -1.957743
 -1.386294 -1.386294 -1.386294 -1.386294
 -14.830743 -0.000001 -14.830743 -14.830743
 -12.948019 -0.000007 -12.948019 -12.948019
 -14.151986 -0.000002 -14.151986 -14.151986
 -14.253768 -0.000002 -14.253768 -14.253768
 -1.386294 -1.386294 -1.386294 -1.386294
 -0.000001 -15.628706 -15.628706 -15.628706
 -1.386294 -1.386294 -1.386294 -1.386294
 -1.386294 -1.386294 -1.386294 -1.386294
 -15.628706 -15.628706 -0.000000 -15.628706
 -1.386294 -1.386294 -1.386294 -1.386294
 -1.386294 -1.386294 -1.386294 -1.386294
 -1.386294 -1.386294 -1.386294 -1.386294
 -1.386294 -1.386294 -1.386294 -1.386294
 -1.386294 -1.386294 -1.386294 -1.386294
 -0.619273 -1.535563 -15.628706 -1.401085
 -1.386294 -1.386294 -1.386294 -1.386294
 -1.579585 -2.333355 -1.624705 -0.693148
 -1.586964 -1.704747 -1.938361 -0.755669
 -1.386294 -1.386294 -1.386294 -1.386294
 -1.798403 -1.798403 -1.105258 -1.085455
 -0.875470 -1.696448 -2.222538 -1.232144
 -0.868091 -1.996550 -1.829497 -1.258955
 -1.286922 -1.639742 -1.260254 -1.401332
 -1.516747 -1.820958 -1.437966 -0.964182
 -1.239435 0.000100 0.000100 0.000100
 -1.651642 0.000100 0.000100 0.000100
 -1.509661 0.000100 0.000100 0.000100
 -1.211560 0.000100 0.000100 0.000100
 -1.160744 -1.752681 -1.340111 -1.379828
 -1.109872 -1.677481 -1.932011 -1.082645
 -1.080561 -1.743750 -1.427825 -1.402824
 -1.681364 -1.541497 -1.343509 -1.082076
 -1.127822 -1.747903 -1.406796 -1.357914
 -1.151256 -1.694121 -1.867183 -1.062932
 -1.084960 -1.627352 -1.535494 -1.385150
 -1.722767 -1.397344 -1.375365 -1.134980
 -1.103363 -1.773910 -1.418074 -1.361024
 -1.052665 -1.755345 -1.806436 -1.158658
 -1.096211 -1.733400 -1.495401 -1.327935
 -1.703136 -1.449574 -1.392306 -1.094472
 -1.137943 -1.679809 -1.385376 -1.415174
 -1.148352 -1.734367 -1.808781 -1.071556
 -1.091457 -1.655986 -1.491588 -1.392899
 -1.659719 -1.475391 -1.294406 -1.180719
 -1.133569 -1.604743 -1.475319 -1.392431
 -1.120546 -1.576101 -1.949306 -1.124713
 -1.095194 -1.593583 -1.538924 -1.395469
 -1.720580 -1.439569 -1.407945 -1.080687
 -1.146275 -1.698888 -1.516139 -1.273906
 -1.092327 -1.616398 -1.789240 -1.207763
 -1.186886 -1.551859 -1.531240 -1.321598
 -1.649216 -1.509664 -1.460474 -1.036514
 -1.120211 -1.683838 -1.400642 -1.420098
 -1.158413 -1.714359 -1.707059 -1.125352
 -1.102429 -1.675035 -1.553868 -1.312277
 -1.705191 -1.411430 -1.322754 -1.177437
 -1.131593 -1.691949 -1.447277 -1.354367
 -1.102596 -1.526189 -1.986483 -1.160107
 -1.135752 -1.574187 -1.519826 -1.374787
 -1.611799 -1.440571 -1.428690 -1.126837
 -1.123038 -1.689094 -1.466956 -1.349397
 -1.042407 -1.688052 -1.880736 -1.171060
 -1.105572 -1.603779 -1.675238 -1.270896
 -1.714383 -1.345061 -1.355891 -1.198376
 -1.143946 -1.786235 -1.300515 -1.421056
 -1.119272 -1.675468 -1.779692 -1.147051
 -1.103039 -1.634998 -1.452138 -1.430804
 -1.680706 -1.434710 -1.399958 -1.111801
 -1.107594 -1.680113 -1.491916 -1.353429
 -1.115718 -1.582002 -1.806797 -1.195416
 -1.078273 -1.517871 -1.571359 -1.457246
 -1.679383 -1.346196 -1.428068 -1.159921
 -1.090819 -1.748970 -1.485385 -1.332978
 -0.982876 -1.729909 -1.911538 -1.201930
 -1.022842 -1.700350 -1.574173 -1.383779
 -1.686011 -1.406873 -1.404895 -1.125648
 -1.190831 -1.714169 -1.345699 -1.364297
 -1.099297 -1.746297 -1.730732 -1.154163
 -1.109513 -1.722767 -1.399132 -1.406914
 -1.611788 -1.396677 -1.357602 -1.218158
 -1.060768 -1.713963 -1.519960 -1.366732
 -1.241974 -1.553410 -1.853995 -1.069877
 -1.072165 -1.604425 -1.638327 -1.337797
 -1.770160 -1.400465 -1.400465 -1.088475
 -1.112347 -1.708754 -1.398599 -1.413955
 -1.026426 -1.752244 -1.861301 -1.162000
 -1.085808 -1.760051 -1.575859 -1.260525
 -1.666171 -1.421257 -1.426890 -1.109979
 -1.147016 -1.780465 -1.351031 -1.366946
 -1.102050 -1.631646 -1.682016 -1.251049
 -1.051587 -1.818027 -1.455287 -1.366734
 -1.635051 -1.452336 -1.342663 -1.171554
 -1.079920 -1.601645 -1.576841 -1.377589
 -1.113427 -1.495709 -1.985915 -1.170460
 -1.034669 -1.527288 -1.668211 -1.431510
 -1.595015 -1.273312 -1.573762 -1.171417
 -1.046479 -1.826409 -1.551862 -1.287412
 -0.930310 -1.796411 -2.129392 -1.137045
 -1.065136 -1.664096 -1.656633 -1.290340
 -1.563382 -1.531416 -1.453623 -1.076982
 -1.101125 -1.898934 -1.310217 -1.394273
 -1.089840 -1.923404 -1.581920 -1.164620
 -0.945658 -1.897585 -1.401755 -1.534882
 -1.661986 -1.632202 -1.248799 -1.115075
 -0.977264 -1.705418 -1.555136 -1.466188
 -1.031762 -1.500381 -2.002633 -1.253175
 -0.979447 -1.600659 -1.572774 -1.535960
 -1.564566 -1.424704 -1.436825 -1.162958
 -0.641484 -1.541130 -1.349574 -17.007221
 -0.522610 -1.444844 -1.764654 -16.565981
 -0.641527 -1.416167 -1.465901 -16.542709
 -1.097056 -0.919411 -1.319034 -16.773540
 -1.256461 -1.718238 -1.368139 -1.268056
 -1.188810 -1.969851 -1.878726 -0.908436
 -1.227063 -1.702487 -1.456015 -1.232872
 -1.386294 -1.386294 -1.386294 -1.386294
 -16.896044 0.000000 -16.896044 -16.896044
 -16.350000 -0.000000 -16.350000 -16.350000
 -16.620687 -0.000000 -16.620687 -16.620687
 -16.977604 0.000000 -16.977604 -16.977604
 -1.386294 -1.386294 -1.386294 -1.386294
 0.000000 -18.126713 -18.126713 -18.126713
 -1.386294 -1.386294 -1.386294 -1.386294
 -1.386294 -1.386294 -1.386294 -1.386294
 -18.126713 -18.126713 0.000000 -18.126713
 -1.386294 -1.386294 -1.386294 -1.386294
 -1.386294 -1.386294 -1.386294 -1.386294
 -1.386294 -1.386294 -1.386294 -1.386294
 -1.386294 -1.386294 -1.386294 -1.386294
 -1.386294 -1.386294 -1.386294 -1.386294
 -0.825970 -1.308494 -18.126713 -1.231128
 -1.386294 -1.386294 -1.386294 -1.386294
 -1.151148 -2.069379 -1.204893 -1.355811
 -1.096133 -1.727345 -2.165460 -0.985142
 -1.386294 -1.386294 -1.386294 -1.386294
 -1.711434 -1.584925 -1.300049 -1.073203
 -1.084884 -1.846621 -1.212590 -1.575695
 -1.067841 -1.835464 -1.790116 -1.109361
 -0.906352 -1.837170 -1.425915 -1.627356
 -1.755208 -1.450348 -1.470625 -1.013743
