 -1.175748 0.000100 0.000100 0.000100
 -1.927164 0.000100 0.000100 0.000100
 -1.804946 0.000100 0.000100 0.000100
 -0.963990 0.000100 0.000100 0.000100
 -1.151894 -1.830225 -1.890849 -0.987139
 -1.049823 -2.813398 -2.302579 -0.713352
 -1.230881 -2.424796 -1.894172 -0.757098
 -1.598052 -1.854771 -1.457471 -0.895516
 -1.046788 -1.739933 -1.940603 -1.109308
 -1.419817 -2.025949 -2.901406 -0.559618
 -1.353505 -1.696448 -2.014900 -0.855667
 -1.878770 -1.834318 -1.306252 -0.875469
 -0.889059 -2.098015 -2.049226 -1.086418
 -1.230881 -2.019335 -2.781467 -0.666947
 -1.098613 -2.128228 -1.700786 -1.007642
 -1.627137 -1.988926 -1.478102 -0.824176
 -1.161133 -1.677348 -2.515674 -0.869427
 -1.849576 -1.716046 -2.409187 -0.556813
 -1.015922 -1.809149 -2.450999 -0.946929
 -1.935401 -1.798826 -1.505839 -0.758626
 -1.307704 -1.634916 -2.296312 -0.834799
 -1.446919 -2.294212 -2.006532 -0.635991
 -1.048352 -2.495261 -1.866658 -0.885833
 -1.494508 -1.914361 -1.425515 -0.947213
 -0.975132 -1.581267 -2.679873 -1.053913
 -1.483668 -2.272120 -2.089800 -0.604421
 -1.042822 -2.501429 -1.759497 -0.932821
 -1.569299 -1.991292 -1.537038 -0.820361
 -1.163151 -1.673976 -2.954902 -0.803149
 -1.345473 -2.079437 -1.925288 -0.757688
 -1.155771 -2.117178 -1.974078 -0.853491
 -1.647971 -2.009760 -1.382864 -0.861139
 -1.157453 -2.220344 -2.766884 -0.664977
 -1.469676 -2.525720 -2.525720 -0.494299
 -1.422662 -2.153545 -1.828125 -0.729517
 -1.791759 -1.942581 -1.359977 -0.836249
 -1.054442 -1.747587 -2.558513 -0.916292
 -1.283347 -1.853888 -2.472921 -0.729963
 -1.368903 -2.251287 -1.845825 -0.728867
 -1.902107 -2.125250 -1.395290 -0.726535
 -1.137834 -1.494508 -2.159481 -1.079565
 -1.430746 -1.956836 -2.912335 -0.570547
 -1.321756 -1.897118 -2.014900 -0.798509
 -1.893989 -2.076310 -1.346351 -0.767979
 -1.286211 -1.589893 -2.721288 -0.789775
 -1.572396 -1.890848 -1.718999 -0.771621
 -1.436725 -2.406120 -1.585145 -0.760971
 -1.920184 -2.200486 -1.450181 -0.676992
 -1.371906 -1.836210 -2.529352 -0.678760
 -1.882728 -2.324557 -2.036878 -0.478740
 -1.370546 -2.438381 -1.840548 -0.693149
 -1.973476 -2.017928 -1.395399 -0.733215
 -1.037526 -1.899746 -3.745544 -0.749844
 -1.363305 -2.374898 -2.151757 -0.625708
 -1.650259 -1.832580 -1.937940 -0.685181
 -1.551007 -1.884779 -1.650379 -0.811647
 -1.344745 -1.970449 -3.314172 -0.573347
 -1.469676 -1.832579 -2.525720 -0.634880
 -1.751752 -2.282377 -1.289131 -0.800780
 -1.909542 -1.974080 -1.463255 -0.730888
 -1.113998 -2.236136 -3.488881 -0.626704
 -1.770704 -1.710080 -2.240704 -0.611471
 -1.421386 -2.045537 -1.709066 -0.802348
 -2.017796 -1.857454 -1.335579 -0.803014
 -0.939106 -1.754854 -4.890252 -0.847299
 -1.021652 -1.966110 -2.659250 -0.843972
 -1.309922 -2.533690 -1.540444 -0.828950
 -1.822721 -1.986350 -1.260414 -0.873033
 -1.194494 -1.730798 -3.555330 -0.710440
 -1.477266 -1.882728 -2.912335 -0.570547
 -1.418043 -2.287076 -1.760986 -0.724897
 -1.669420 -1.939083 -1.487099 -0.816942
 -1.014732 -2.079439 -3.976531 -0.705727
 -1.203973 -2.407938 -2.302579 -0.673347
 -1.119233 -2.282377 -2.505517 -0.713768
 -1.685184 -1.788724 -1.491992 -0.861584
 -1.155446 -2.153972 -5.198399 -0.573525
 -1.365241 -1.770704 -3.850102 -0.592053
 -1.152680 -2.474427 -1.558144 -0.942961
 -1.698458 -2.147982 -1.304555 -0.846247
 -1.279751 -1.911021 -3.183977 -0.630090
 -1.074516 -2.008820 -3.308079 -0.717842
 -1.290151 -2.206437 -1.858132 -0.779327
 -1.898139 -1.983297 -1.513294 -0.708556
 -0.373515 -1.275753 -3.427497 -14.247295
 -0.620579 -1.036093 -2.230009 -13.742944
 -0.517585 -2.197219 -1.227825 -13.805464
 -1.413042 -0.979853 -0.964348 -15.042224
 -0.791819 -2.170731 -2.200584 -1.132746
 -1.026833 -3.424716 -1.586448 -0.904731
 -0.939548 -2.519993 -1.151723 -1.548137
 -1.386294 -1.386294 -1.386294 -1.386294
 -14.845131 -0.000001 -14.845131 -14.845131
 -13.217681 -0.000005 -13.217681 -13.217681
 -14.093145 -0.000002 -14.093145 -14.093145
 -14.603970 -0.000001 -14.603970 -14.603970
 -1.386294 -1.386294 -1.386294 -1.386294
 -0.000001 -15.742676 -15.742676 -15.742676
 -1.386294 -1.386294 -1.386294 -1.386294
 -1.386294 -1.386294 -1.386294 -1.386294
 -15.742676 -15.742676 -0.000000 -15.742676
 -1.386294 -1.386294 -1.386294 -1.386294
 -1.386294 -1.386294 -1.386294 -1.386294
 -1.386294 -1.386294 -1.386294 -1.386294
 -1.386294 -1.386294 -1.386294 -1.386294
 -1.386294 -1.386294 -1.386294 -1.386294
 -15.742676 -15.742676 -0.000000 -15.742676
 -1.386294 -1.386294 -1.386294 -1.386294
 -1.386294 -1.386294 -1.386294 -1.386294
 -1.386294 -1.386294 -1.386294 -1.386294
 -1.339378 -1.947366 -1.680304 -0.893980
 -1.386294 -1.386294 -1.386294 -1.386294
 -0.944462 -2.057461 -1.455287 -1.386294
 -1.217672 -2.100057 -1.640527 -0.947383
 -0.844698 -1.961656 -1.633154 -1.450833
 -1.544010 -1.974792 -1.268907 -1.003626
 -1.276143 0.000100 0.000100 0.000100
 -1.568856 0.000100 0.000100 0.000100
 -1.507384 0.000100 0.000100 0.000100
 -1.234032 0.000100 0.000100 0.000100
 -1.266840 -1.517064 -1.414649 -1.362914
 -1.327536 -1.615218 -1.644632 -1.070202
 -1.174598 -1.676690 -1.237968 -1.541349
 -1.789699 -1.439217 -1.249675 -1.173514
 -1.264797 -1.592830 -1.344134 -1.372042
 -1.101433 -1.441301 -1.864784 -1.287150
 -1.156600 -1.577102 -1.459319 -1.400479
 -1.842264 -1.473500 -1.310047 -1.071156
 -1.039579 -1.726376 -1.510857 -1.395344
 -1.093133 -1.692461 -1.754019 -1.178655
 -1.014820 -1.744071 -1.619774 -1.328850
 -1.628814 -1.496642 -1.298573 -1.180790
 -1.163151 -1.831605 -1.275480 -1.394138
 -1.180224 -1.590804 -1.757857 -1.150071
 -1.106843 -1.697940 -1.436725 -1.391774
 -1.833114 -1.468472 -1.201843 -1.173869
 -1.190844 -1.675446 -1.297816 -1.445268
 -1.020962 -1.555044 -2.013350 -1.220675
 -1.105680 -1.588531 -1.429466 -1.490091
 -1.640075 -1.335864 -1.352393 -1.257083
 -1.127903 -2.009761 -1.363867 -1.249675
 -0.993805 -1.547839 -1.959818 -1.286474
 -1.119393 -1.544739 -1.532762 -1.409702
 -1.746297 -1.499437 -1.151131 -1.251601
 -1.119105 -1.734601 -1.317707 -1.473121
 -1.035243 -1.900239 -1.764107 -1.127051
 -1.119074 -1.820002 -1.315447 -1.414537
 -1.461244 -1.451854 -1.272653 -1.371093
 -1.203973 -1.745774 -1.422226 -1.257677
 -1.079195 -1.489478 -1.753293 -1.341559
 -1.167436 -1.576724 -1.324134 -1.531773
 -1.607109 -1.446336 -1.325258 -1.209427
 -1.184474 -1.628608 -1.442708 -1.340926
 -1.010157 -1.641746 -1.996290 -1.183000
 -1.047692 -1.665718 -1.665718 -1.305104
 -1.552530 -1.404477 -1.422996 -1.197985
 -1.090738 -1.992429 -1.222590 -1.455852
 -1.152197 -1.732670 -1.653889 -1.152197
 -1.180851 -1.707676 -1.465363 -1.270463
 -1.659285 -1.563975 -1.276294 -1.135215
 -1.317020 -1.576240 -1.399033 -1.278406
 -1.119447 -1.342590 -1.703031 -1.468631
 -1.202409 -1.490091 -1.439319 -1.439319
 -1.652455 -1.359294 -1.392630 -1.193502
 -1.176390 -1.623136 -1.352846 -1.444654
 -1.088460 -1.737155 -1.910818 -1.080913
 -1.050925 -1.920527 -1.452720 -1.309619
 -1.607188 -1.386294 -1.404477 -1.190550
 -1.137914 -1.793790 -1.340697 -1.380228
 -1.216395 -1.606356 -1.621860 -1.185624
 -1.066864 -1.744506 -1.575088 -1.293921
 -1.656657 -1.532787 -1.307704 -1.130564
 -1.224622 -1.563975 -1.396921 -1.388411
 -1.108182 -1.641698 -2.038999 -1.061225
 -1.261574 -1.424613 -1.403994 -1.467173
 -1.683064 -1.536971 -1.266426 -1.147820
 -1.238262 -1.598264 -1.406726 -1.335900
 -1.071138 -1.740187 -1.634827 -1.248594
 -1.048727 -1.611998 -1.599259 -1.393996
 -1.677521 -1.559738 -1.302828 -1.105002
 -1.204672 -1.582549 -1.331235 -1.467036
 -1.164364 -1.655958 -1.688218 -1.164364
 -1.050563 -1.912785 -1.340717 -1.423238
 -1.752376 -1.458615 -1.246441 -1.182362
 -1.160993 -1.512754 -1.512754 -1.401528
 -1.092534 -1.462280 -2.008823 -1.208046
 -1.205546 -1.630893 -1.434613 -1.322346
 -1.704748 -1.221118 -1.375269 -1.307446
 -1.170071 -1.721044 -1.485924 -1.257083
 -0.965716 -1.713671 -1.950998 -1.214177
 -1.084857 -1.545072 -1.640382 -1.367089
 -1.625221 -1.340385 -1.487438 -1.153799
 -1.128826 -1.711716 -1.295323 -1.504077
 -1.056412 -1.809151 -1.774665 -1.142673
 -1.034451 -1.727597 -1.501070 -1.410686
 -1.735293 -1.592976 -1.357663 -1.013158
 -1.177629 -1.699627 -1.305462 -1.434674
 -1.209453 -1.429852 -1.959111 -1.135345
 -1.242687 -1.501549 -1.344157 -1.479076
 -1.895034 -1.401016 -1.188094 -1.208856
 -0.733774 -1.383955 -1.311852 -15.267125
 -0.635084 -1.235254 -1.718428 -15.118424
 -0.707400 -1.349253 -1.395773 -15.260075
 -1.282277 -0.829559 -1.250528 -15.312900
 -1.288878 -1.776864 -1.387660 -1.185500
 -1.261471 -2.017797 -1.975237 -0.809487
 -1.098613 -1.721800 -1.607025 -1.246742
 -1.386294 -1.386294 -1.386294 -1.386294
 -15.398605 -0.000001 -15.398605 -15.398605
 -14.797590 -0.000001 -14.797590 -14.797590
 -15.033387 -0.000001 -15.033387 -15.033387
 -15.562971 -0.000001 -15.562971 -15.562971
 -1.386294 -1.386294 -1.386294 -1.386294
 -0.000000 -16.628521 -16.628521 -16.628521
 -1.386294 -1.386294 -1.386294 -1.386294
 -1.386294 -1.386294 -1.386294 -1.386294
 -16.628521 -16.628521 -0.000000 -16.628521
 -1.386294 -1.386294 -1.386294 -1.386294
 -1.386294 -1.386294 -1.386294 -1.386294
 -1.386294 -1.386294 -1.386294 -1.386294
 -1.386294 -1.386294 -1.386294 -1.386294
 -1.386294 -1.386294 -1.386294 -1.386294
 -16.628521 -16.628521 -0.000000 -16.628521
 -1.386294 -1.386294 -1.386294 -1.386294
 -1.386294 -1.386294 -1.386294 -1.386294
 -1.386294 -1.386294 -1.386294 -1.386294
 -1.181811 -1.783391 -1.954349 -0.958276
 -1.386294 -1.386294 -1.386294 -1.386294
 -1.100571 -1.714581 -1.323715 -1.508982
 -1.215949 -1.828126 -1.850599 -0.952659
 -0.931233 -2.062633 -1.750259 -1.187166
 -1.093929 -2.103195 -1.697730 -1.021825
