 -1.140646 0.000100 0.000100 0.000100
 -1.945909 0.000100 0.000100 0.000100
 -2.111423 0.000100 0.000100 0.000100
 -0.875953 0.000100 0.000100 0.000100
 -1.169230 -1.992428 -1.992428 -0.875470
 -1.512587 -1.998090 -1.880309 -0.710245
 -0.820984 -2.525712 -2.525712 -0.916294
 -1.889396 -1.969439 -1.433922 -0.753046
 -1.292769 -1.916920 -1.852382 -0.863774
 -0.944464 -2.197215 -2.602672 -0.853493
 -1.057792 -2.197217 -2.197217 -0.842681
 -1.482686 -2.129311 -1.349155 -0.929897
 -1.116005 -1.575536 -2.556358 -0.946929
 -1.446918 -2.545514 -13.142174 -0.376483
 -1.152681 -2.384814 -1.932834 -0.804375
 -1.701810 -2.363206 -1.446919 -0.716959
 -1.157454 -1.658227 -2.089007 -0.990400
 -1.292769 -2.140057 -2.833188 -0.599625
 -1.049824 -2.148427 -2.484893 -0.798511
 -1.987365 -2.025105 -1.371181 -0.739910
 -1.418383 -1.663504 -2.474427 -0.725237
 -1.438480 -2.691225 -1.998090 -0.581034
 -1.623621 -2.065450 -2.653228 -0.501483
 -2.191917 -2.017564 -1.304616 -0.725583
 -1.280934 -1.711715 -2.330747 -0.810933
 -1.317302 -2.233583 -4.025259 -0.498995
 -1.386294 -2.484895 -2.484895 -0.539000
 -2.142414 -2.183236 -1.391000 -0.651763
 -1.098614 -1.791757 -2.410789 -0.890975
 -1.812374 -1.812374 -1.945904 -0.633728
 -2.007463 -1.902103 -1.902103 -0.567110
 -2.393336 -1.833723 -1.517870 -0.635482
 -1.052094 -1.658226 -3.044495 -0.885041
 -1.356442 -3.091015 -2.110207 -0.552072
 -1.443452 -1.974077 -1.974077 -0.721321
 -1.989289 -2.178530 -1.405343 -0.683758
 -1.670061 -1.877699 -2.363202 -0.571453
 -1.493924 -2.100052 -2.793183 -0.524529
 -1.987870 -2.211011 -1.892560 -0.506273
 -1.831367 -1.995670 -1.590206 -0.693148
 -1.358124 -1.763586 -3.555304 -0.610912
 -1.368276 -2.061416 -2.908695 -0.573350
 -1.856294 -2.212965 -1.450832 -0.693150
 -1.945909 -2.115807 -1.422662 -0.702117
 -1.359626 -1.906166 -3.610873 -0.566399
 -1.667704 -1.773064 -3.277102 -0.504560
 -1.665006 -2.106835 -1.819155 -0.640506
 -1.955387 -2.312061 -1.444563 -0.647057
 -1.245938 -2.211011 -2.904145 -0.601583
 -1.714795 -2.302573 -3.218834 -0.385668
 -2.243736 -2.580203 -1.550596 -0.500779
 -2.044348 -1.828126 -1.540445 -0.702117
 -1.145134 -2.397885 -4.189561 -0.552072
 -2.602672 -2.043067 -2.043067 -0.405470
 -1.329136 -2.140059 -1.734599 -0.818313
 -2.420365 -2.158002 -1.305227 -0.645417
 -1.098614 -2.351365 -3.449944 -0.616778
 -1.365241 -1.365241 -3.156959 -0.805629
 -1.909539 -2.091859 -2.197218 -0.482429
 -1.791759 -2.267181 -1.470852 -0.693148
 -1.573505 -2.008820 -4.406624 -0.436430
 -2.140057 -1.985909 -1.985909 -0.497843
 -2.212965 -2.367113 -1.673974 -0.495325
 -2.379543 -1.878770 -1.483458 -0.639081
 -1.203974 -1.714795 -13.122372 -0.653931
 -1.335001 -2.097134 -3.349861 -0.546548
 -1.289668 -2.288188 -1.931517 -0.737602
 -1.941698 -1.912711 -1.425009 -0.758531
 -1.374318 -2.221610 -4.418746 -0.467600
 -1.495493 -2.450992 -2.674130 -0.476928
 -1.143065 -2.442336 -1.836208 -0.832912
 -2.055108 -2.055108 -1.324222 -0.738496
 -1.634129 -1.841767 -4.406624 -0.455478
 -2.036874 -2.730005 -2.219192 -0.362911
 -1.540444 -2.639043 -2.051265 -0.534926
 -2.279593 -2.038432 -1.478818 -0.617049
 -1.592629 -2.131620 -13.287885 -0.388662
 -1.812374 -2.100052 -3.891728 -0.365465
 -1.593932 -3.465692 -1.325670 -0.693150
 -2.188958 -1.873878 -1.295142 -0.775267
 -0.958853 -2.148427 -13.304691 -0.693150
 -1.386294 -2.564932 -3.951151 -0.424888
 -1.435084 -2.821364 -1.791757 -0.624157
 -1.768979 -2.161019 -1.131402 -0.937247
 -13.742944 -13.742944 -13.742944 -0.000003
 -12.923923 -12.923923 -12.923923 -0.000007
 -13.652996 -13.652996 -13.652996 -0.000004
 -14.478201 -14.478201 -14.478201 -0.000002
 -1.386294 -1.386294 -1.386294 -1.386294
 -1.386294 -1.386294 -1.386294 -1.386294
 -1.386294 -1.386294 -1.386294 -1.386294
 -1.534811 -2.887950 -0.685910 -1.490848
 -13.698981 -13.698981 -13.698981 -0.000003
 -12.345852 -12.345852 -12.345852 -0.000013
 -14.547880 -14.547880 -14.547880 -0.000001
 -13.742944 -13.742944 -13.742944 -0.000003
 -1.386294 -1.386294 -1.386294 -1.386294
 -1.386294 -1.386294 -1.386294 -1.386294
 -1.386294 -1.386294 -1.386294 -1.386294
 -0.000001 -15.233788 -15.233788 -15.233788
 -15.233788 -15.233788 -0.000001 -15.233788
 -1.386294 -1.386294 -1.386294 -1.386294
 -1.386294 -1.386294 -1.386294 -1.386294
 -1.386294 -1.386294 -1.386294 -1.386294
 -1.386294 -1.386294 -1.386294 -1.386294
 -1.386294 -1.386294 -1.386294 -1.386294
 -0.625285 -1.628998 -15.233788 -1.313917
 -1.386294 -1.386294 -1.386294 -1.386294
 -1.842814 -1.787244 -1.964174 -0.627479
 -1.561235 -1.398717 -2.448529 -0.783533
 -1.386294 -1.386294 -1.386294 -1.386294
 -2.144577 -1.819157 -1.342234 -0.777706
 -0.916293 -1.609436 -2.228469 -1.229949
 -1.272966 -2.371569 -1.321756 -1.021653
 -1.260254 -1.565634 -1.314321 -1.432104
 -1.396051 -2.032037 -1.250339 -1.093770
 -1.224291 0.000100 0.000100 0.000100
 -1.806305 0.000100 0.000100 0.000100
 -1.603781 0.000100 0.000100 0.000100
 -1.076931 0.000100 0.000100 0.000100
 -1.109195 -1.781288 -1.545722 -1.242726
 -1.086132 -1.871802 -1.979432 -0.992938
 -1.145865 -1.931906 -1.590390 -1.098612
 -1.565743 -1.774498 -1.456045 -0.945868
 -1.116712 -1.840460 -1.733406 -1.087021
 -1.047319 -1.845826 -2.110213 -0.994209
 -1.106160 -1.845826 -1.632252 -1.152680
 -1.511956 -1.582160 -1.778396 -0.903665
 -1.150642 -1.816539 -1.553348 -1.172989
 -1.170564 -1.790283 -1.882942 -0.992218
 -1.046556 -1.775105 -1.713950 -1.206521
 -1.502652 -1.647233 -1.545211 -0.989905
 -1.096819 -1.845228 -1.526775 -1.234969
 -1.156117 -1.726302 -1.877702 -1.037296
 -1.041235 -1.991555 -1.592521 -1.180626
 -1.645637 -1.748822 -1.349171 -0.984366
 -1.126011 -1.876317 -1.582770 -1.148484
 -1.035660 -1.936446 -2.198810 -0.941975
 -1.075192 -1.917871 -1.632207 -1.150904
 -1.584991 -1.692450 -1.533509 -0.928351
 -1.095977 -1.924160 -1.543087 -1.183946
 -1.161547 -1.638756 -2.065098 -1.005201
 -1.166932 -1.873150 -1.696694 -1.044829
 -1.529842 -1.717548 -1.440039 -1.002378
 -1.154493 -1.718428 -1.513634 -1.254123
 -1.165623 -1.711717 -1.848917 -1.048941
 -1.119232 -1.868618 -1.471452 -1.239459
 -1.443015 -1.688488 -1.449344 -1.066352
 -1.110256 -1.853275 -1.603224 -1.162973
 -1.134331 -1.765784 -2.073610 -0.963438
 -1.127600 -1.850600 -1.791759 -1.043043
 -1.520871 -1.586153 -1.677503 -0.941796
 -1.088058 -1.961953 -1.562797 -1.161561
 -1.028734 -1.817191 -2.173865 -1.004243
 -1.131402 -1.909909 -1.576270 -1.131402
 -1.439561 -1.746681 -1.492616 -1.011061
 -1.131573 -1.924803 -1.501947 -1.174823
 -1.133529 -1.821612 -1.873437 -1.014055
 -1.051500 -1.871802 -1.573583 -1.239810
 -1.641600 -1.718405 -1.434934 -0.944569
 -1.001651 -1.940470 -1.735207 -1.162424
 -1.166351 -1.703152 -2.082641 -0.962887
 -1.137929 -1.730993 -1.646252 -1.172350
 -1.510147 -1.753179 -1.618556 -0.897186
 -1.178655 -1.780586 -1.628636 -1.116050
 -1.175573 -1.963031 -2.079441 -0.853490
 -1.200138 -1.823973 -1.615218 -1.082887
 -1.508802 -1.691779 -1.528670 -0.973364
 -1.179356 -1.765928 -1.466026 -1.235621
 -1.147326 -1.643762 -1.926167 -1.068399
 -1.060425 -1.912903 -1.678910 -1.141114
 -1.561695 -1.635283 -1.446919 -1.021573
 -1.105055 -1.741659 -1.690628 -1.173850
 -1.144309 -1.797539 -2.099820 -0.933000
 -1.143903 -1.570832 -1.710298 -1.228461
 -1.485515 -1.610219 -1.717317 -0.930838
 -1.147535 -1.717651 -1.669565 -1.155927
 -1.143375 -1.921584 -2.030065 -0.907438
 -1.135483 -1.823946 -1.520041 -1.208508
 -1.523104 -1.737809 -1.540199 -0.937203
 -1.159521 -1.838279 -1.434721 -1.241014
 -1.191331 -1.713950 -1.973775 -0.975247
 -1.070778 -1.958080 -1.464547 -1.255455
 -1.417973 -1.691779 -1.476541 -1.063696
 -1.183300 -1.790877 -1.594545 -1.127262
 -1.191778 -1.709360 -2.175979 -0.911700
 -1.180442 -1.820747 -1.627456 -1.095047
 -1.498506 -1.665236 -1.673710 -0.916690
 -1.132418 -1.839996 -1.482159 -1.231748
 -1.133021 -1.906972 -1.877702 -0.976916
 -1.092947 -1.961658 -1.532898 -1.176881
 -1.446919 -1.750796 -1.477502 -1.013729
 -1.311684 -1.911304 -1.358515 -1.121766
 -1.271577 -1.770908 -1.780478 -0.965284
 -1.165094 -1.816330 -1.543687 -1.165094
 -1.614060 -1.677827 -1.353777 -1.033162
 -1.239782 -1.682387 -1.749451 -1.047671
 -1.347074 -1.871802 -2.082523 -0.773190
 -1.254416 -1.590889 -1.498038 -1.246724
 -1.417727 -1.449375 -1.540193 -1.175453
 -16.154428 -16.154428 -16.154428 -0.000000
 -15.870916 -15.870916 -15.870916 -0.000000
 -15.818341 -15.818341 -15.818341 -0.000000
 -16.394970 -16.394970 -16.394970 -0.000000
 -1.386294 -1.386294 -1.386294 -1.386294
 -1.386294 -1.386294 -1.386294 -1.386294
 -1.386294 -1.386294 -1.386294 -1.386294
 -1.447435 -1.672774 -1.570991 -0.996248
 -16.025980 -16.025980 -16.025980 -0.000000
 -15.800642 -15.800642 -15.800642 -0.000000
 -15.902425 -15.902425 -15.902425 -0.000000
 -16.477167 -16.477167 -16.477167 -0.000000
 -1.386294 -1.386294 -1.386294 -1.386294
 -1.386294 -1.386294 -1.386294 -1.386294
 -1.386294 -1.386294 -1.386294 -1.386294
 0.000000 -17.473415 -17.473415 -17.473415
 -17.473415 -17.473415 -0.000000 -17.473415
 -1.386294 -1.386294 -1.386294 -1.386294
 -1.386294 -1.386294 -1.386294 -1.386294
 -1.386294 -1.386294 -1.386294 -1.386294
 -1.386294 -1.386294 -1.386294 -1.386294
 -1.386294 -1.386294 -1.386294 -1.386294
 -0.982378 -1.446339 -17.473415 -0.941225
 -1.386294 -1.386294 -1.386294 -1.386294
 -1.209960 -1.997493 -1.544125 -1.042373
 -1.344465 -1.826303 -2.410016 -0.716417
 -1.386294 -1.386294 -1.386294 -1.386294
 -1.572457 -1.792421 -1.531890 -0.892130
 -1.127451 -1.922828 -1.395473 -1.265021
 -1.052703 -1.815529 -1.645308 -1.219757
 -0.986875 -2.013513 -1.508957 -1.299747
 -1.520369 -1.743513 -1.517475 -0.948817
