 -1.243194 0.000100 0.000100 0.000100
 -1.945909 0.000100 0.000100 0.000100
 -1.908169 0.000100 0.000100 0.000100
 -0.866716 0.000100 0.000100 0.000100
 -0.965082 -2.014900 -2.089007 -1.016375
 -1.006807 -1.754016 -3.951151 -0.815753
 -1.216396 -13.199332 -1.909537 -0.587791
 -1.985913 -1.939394 -1.475090 -0.712951
 -1.268512 -1.568615 -2.166448 -0.926764
 -1.034076 -2.014895 -3.113474 -0.762144
 -1.335001 -2.097134 -1.645154 -0.865000
 -1.615480 -1.976492 -1.398416 -0.877882
 -0.927342 -2.313628 -2.025949 -0.984500
 -1.828123 -2.926713 -2.415901 -0.361795
 -1.284016 -2.228469 -1.689478 -0.842185
 -1.589893 -1.656584 -1.845825 -0.804374
 -1.016936 -2.145395 -2.346063 -0.854417
 -1.386294 -2.261751 -2.772564 -0.539001
 -1.890845 -2.024375 -1.572395 -0.674459
 -1.695911 -2.085374 -1.345709 -0.839440
 -0.916292 -1.734599 -2.650880 -1.041455
 -1.386294 -2.174741 -2.685553 -0.565319
 -1.069200 -2.818379 -2.412922 -0.678335
 -1.905087 -1.865866 -1.386294 -0.806477
 -1.236763 -1.699385 -2.586679 -0.794932
 -1.966107 -2.302573 -3.911931 -0.301110
 -1.645154 -2.251282 -1.740463 -0.641858
 -2.055342 -1.880989 -1.603358 -0.657216
 -1.054162 -2.580203 -1.992425 -0.822362
 -1.262243 -2.178523 -2.583980 -0.638091
 -1.366876 -3.238636 -1.985909 -0.564534
 -1.866660 -2.176813 -1.417711 -0.713982
 -1.258955 -2.091859 -3.008135 -0.610262
 -1.358124 -1.945902 -2.862162 -0.610915
 -1.208961 -2.258774 -2.125244 -0.738960
 -1.940399 -1.902659 -1.672136 -0.655203
 -1.178656 -1.958809 -2.970395 -0.693150
 -1.183772 -1.945904 -3.198631 -0.672949
 -1.306252 -2.261751 -1.925285 -0.735711
 -2.297305 -1.807759 -1.715386 -0.587788
 -1.218158 -2.653228 -2.653228 -0.573804
 -1.504076 -3.295794 -2.043067 -0.492481
 -1.452252 -2.058380 -1.904232 -0.714658
 -1.925289 -1.925289 -1.450833 -0.746637
 -1.568615 -1.568615 -2.667214 -0.665751
 -1.516346 -1.767657 -2.614936 -0.622535
 -2.212965 -1.961654 -1.673974 -0.575368
 -2.235373 -1.935270 -1.542229 -0.625940
 -1.366876 -1.985909 -2.322376 -0.673733
 -1.863214 -1.863214 -2.674130 -0.476928
 -1.386294 -2.148427 -2.148427 -0.660361
 -2.094944 -2.277264 -1.635413 -0.545613
 -0.975382 -1.625965 -3.417683 -0.932822
 -2.151752 -2.374890 -1.969433 -0.429001
 -1.686396 -2.602672 -1.909537 -0.523252
 -2.688814 -2.032037 -1.543686 -0.532087
 -1.118032 -2.341793 -2.852606 -0.655411
 -1.652920 -1.904232 -2.463837 -0.554316
 -1.529394 -2.484893 -1.897116 -0.597841
 -2.550417 -1.990804 -1.472862 -0.586813
 -0.871842 -1.810105 -3.314143 -0.962813
 -2.014895 -1.727217 -3.113474 -0.439372
 -1.745237 -2.351365 -1.745237 -0.587790
 -1.869316 -2.167808 -1.314321 -0.770706
 -1.004585 -2.183231 -3.164040 -0.736322
 -1.430746 -2.036874 -3.135453 -0.532810
 -1.400893 -2.154658 -1.400893 -0.938272
 -2.046287 -1.814487 -1.397594 -0.775065
 -0.847300 -2.146575 -4.343710 -0.817447
 -1.629238 -2.545514 -2.545514 -0.435323
 -1.417066 -2.110207 -1.417066 -0.931560
 -2.140064 -1.957743 -1.524880 -0.647163
 -0.843089 -2.289999 -3.270807 -0.843089
 -1.321756 -2.197213 -2.197213 -0.671173
 -1.575535 -2.268674 -1.757855 -0.659249
 -1.802808 -2.313632 -1.466337 -0.682219
 -1.481604 -1.838277 -3.091022 -0.565316
 -2.224609 -1.531475 -1.665004 -0.720551
 -1.386294 -2.484893 -1.696447 -0.727052
 -1.929288 -1.968508 -1.316185 -0.805360
 -0.878553 -2.564935 -2.564935 -0.842185
 -1.243195 -2.159475 -2.852606 -0.619043
 -1.358124 -2.456725 -1.252764 -0.990401
 -2.285775 -1.742162 -1.462577 -0.710243
 -1.221215 -3.663517 -13.567055 -0.386420
 -1.673974 -2.261751 -2.772564 -0.437219
 -1.526055 -2.036876 -2.442336 -0.570548
 -1.797693 -2.564944 -1.492312 -0.630090
 -0.405468 -2.371569 -3.624296 -1.544899
 -0.882395 -1.575534 -2.268664 -1.287856
 -0.714657 -1.904232 -1.652920 -1.770702
 -1.410048 -2.470917 -0.642794 -1.927304
 -0.037181 -14.130324 -3.310526 -14.130324
 -0.111233 -12.847937 -2.251277 -12.847937
 -0.065600 -14.046625 -2.756831 -14.046625
 -0.100088 -13.353481 -2.351365 -13.353481
 -0.000001 -15.042224 -15.042224 -15.042224
 -1.386294 -1.386294 -1.386294 -1.386294
 -0.000013 -12.345852 -12.345852 -12.345852
 -1.386294 -1.386294 -1.386294 -1.386294
 -15.107495 -15.107495 -0.000001 -15.107495
 -1.386294 -1.386294 -1.386294 -1.386294
 -1.386294 -1.386294 -1.386294 -1.386294
 -1.386294 -1.386294 -1.386294 -1.386294
 -1.386294 -1.386294 -1.386294 -1.386294
 -1.386294 -1.386294 -1.386294 -1.386294
 -1.634474 -2.233591 -0.508083 -2.341804
 -1.386294 -1.386294 -1.386294 -1.386294
 -1.318241 -2.316761 -2.316761 -0.625097
 -1.584118 -1.360977 -2.277252 -0.830353
 -1.675499 -2.170194 -1.778153 -0.635482
 -2.456714 -1.358124 -1.358124 -0.916295
 -1.043806 -2.183231 -1.490090 -1.171638
 -1.446918 -1.852379 -1.852379 -0.796335
 -1.098614 -1.478101 -1.963604 -1.209839
 -1.506783 -1.962258 -1.250064 -1.045969
 -1.203130 0.000100 0.000100 0.000100
 -1.712015 0.000100 0.000100 0.000100
 -1.556281 0.000100 0.000100 0.000100
 -1.176597 0.000100 0.000100 0.000100
 -1.144952 -1.826911 -1.352880 -1.338053
 -1.127882 -1.795386 -1.740653 -1.094184
 -1.052997 -1.821376 -1.524778 -1.303289
 -1.645069 -1.564127 -1.323689 -1.103890
 -1.079557 -1.822100 -1.404597 -1.373962
 -1.087947 -1.734800 -1.776860 -1.147313
 -1.018399 -1.810503 -1.461462 -1.413220
 -1.599398 -1.588629 -1.341585 -1.101580
 -1.073348 -1.799367 -1.463075 -1.342426
 -1.118408 -1.680571 -1.894510 -1.089036
 -0.986684 -1.776886 -1.615141 -1.350301
 -1.641356 -1.526410 -1.431008 -1.050107
 -1.156917 -1.832582 -1.313901 -1.359550
 -1.130479 -1.773004 -1.737380 -1.104675
 -1.036635 -1.830442 -1.500201 -1.339693
 -1.647899 -1.561070 -1.361131 -1.075098
 -1.123063 -1.791759 -1.386441 -1.354454
 -1.106271 -1.713488 -1.765756 -1.145967
 -1.040938 -1.786289 -1.489671 -1.371016
 -1.634743 -1.564125 -1.330186 -1.104736
 -1.095465 -1.784122 -1.459482 -1.326838
 -1.112966 -1.704922 -1.892996 -1.081724
 -1.039104 -1.751495 -1.580463 -1.321127
 -1.644573 -1.563806 -1.424376 -1.030275
 -1.168117 -1.794816 -1.330059 -1.353136
 -1.097122 -1.798551 -1.757147 -1.114454
 -1.061431 -1.830684 -1.499943 -1.307140
 -1.641825 -1.562742 -1.342896 -1.091464
 -1.101483 -1.819256 -1.401776 -1.349706
 -1.081243 -1.744475 -1.731685 -1.174078
 -1.035971 -1.776710 -1.460355 -1.411528
 -1.625583 -1.563794 -1.326266 -1.113534
 -1.086404 -1.801977 -1.483017 -1.306936
 -1.112401 -1.719962 -1.871392 -1.083973
 -1.040131 -1.760145 -1.608368 -1.293323
 -1.666657 -1.550354 -1.428745 -1.023485
 -1.142381 -1.826679 -1.340019 -1.354200
 -1.149031 -1.798709 -1.774595 -1.055577
 -1.027784 -1.880679 -1.505126 -1.317794
 -1.660379 -1.570173 -1.317365 -1.096364
 -1.077752 -1.894797 -1.369037 -1.366729
 -1.058138 -1.715738 -1.758970 -1.201159
 -1.005805 -1.822553 -1.447074 -1.438095
 -1.588512 -1.591268 -1.306262 -1.135464
 -1.056164 -1.809788 -1.471458 -1.351184
 -1.099460 -1.688483 -1.906401 -1.098007
 -0.972186 -1.819407 -1.605500 -1.351569
 -1.610195 -1.557124 -1.424221 -1.053503
 -1.155663 -1.818730 -1.298268 -1.386633
 -1.142394 -1.784761 -1.689071 -1.113469
 -1.034672 -1.830442 -1.488219 -1.352705
 -1.614848 -1.602787 -1.315722 -1.104236
 -1.061972 -1.852493 -1.381504 -1.401689
 -1.087318 -1.755685 -1.730140 -1.162088
 -0.966519 -1.834707 -1.477495 -1.462199
 -1.604509 -1.553414 -1.348786 -1.114949
 -1.077936 -1.830836 -1.420446 -1.355504
 -1.112710 -1.665794 -1.862394 -1.117819
 -0.949985 -1.778753 -1.609617 -1.408784
 -1.593415 -1.552115 -1.421093 -1.068510
 -1.139062 -1.840712 -1.270297 -1.425333
 -1.081017 -1.783786 -1.728048 -1.154809
 -1.013208 -1.851521 -1.480321 -1.376801
 -1.578732 -1.565806 -1.289469 -1.173033
 -1.095173 -1.874548 -1.333034 -1.392643
 -1.049615 -1.735205 -1.784303 -1.185316
 -0.987115 -1.754527 -1.491373 -1.472736
 -1.579341 -1.574178 -1.291844 -1.164920
 -1.051381 -1.783059 -1.491256 -1.357386
 -1.107095 -1.668873 -1.923440 -1.093865
 -0.951085 -1.731945 -1.669980 -1.392363
 -1.590347 -1.523619 -1.426818 -1.084260
 -1.161415 -1.862491 -1.219641 -1.442502
 -1.120336 -1.729812 -1.664718 -1.180034
 -1.056985 -1.747490 -1.459075 -1.403089
 -1.606110 -1.530661 -1.262594 -1.203900
 -1.093536 -1.796716 -1.376887 -1.399320
 -1.090844 -1.702829 -1.726755 -1.190599
 -0.989197 -1.805946 -1.429984 -1.493910
 -1.553221 -1.576734 -1.311585 -1.163494
 -1.056654 -1.786897 -1.438828 -1.395544
 -1.111143 -1.594512 -1.989614 -1.105450
 -0.973423 -1.707606 -1.608122 -1.424413
 -1.578282 -1.533731 -1.469737 -1.055681
 -1.121874 -1.764306 -1.131207 -1.712679
 -0.943654 -1.663647 -1.670104 -1.456190
 -0.944765 -1.868368 -1.383970 -1.578559
 -1.588430 -1.549072 -1.111284 -1.369741
 -0.598735 -18.825346 -0.797411 -18.825346
 -0.351671 -18.279694 -1.215748 -18.279694
 -0.475214 -18.718561 -0.972205 -18.718561
 -0.779197 -18.449947 -0.613919 -18.449947
 0.000000 -19.430279 -19.430279 -19.430279
 -1.386294 -1.386294 -1.386294 -1.386294
 0.000000 -19.113579 -19.113579 -19.113579
 -1.386294 -1.386294 -1.386294 -1.386294
 -19.977562 -19.977562 0.000000 -19.977562
 -1.386294 -1.386294 -1.386294 -1.386294
 -1.386294 -1.386294 -1.386294 -1.386294
 -1.386294 -1.386294 -1.386294 -1.386294
 -1.386294 -1.386294 -1.386294 -1.386294
 -1.386294 -1.386294 -1.386294 -1.386294
 -0.946680 -1.682671 -1.604182 -1.491467
 -1.386294 -1.386294 -1.386294 -1.386294
 -0.979816 -1.992901 -1.489436 -1.336284
 -1.189114 -1.744363 -2.313761 -0.863071
 -0.905135 -1.767317 -2.021794 -1.229959
 -1.502159 -1.677855 -1.570942 -0.960432
 -1.069047 -1.965752 -1.227839 -1.497498
 -1.077974 -1.827447 -1.733906 -1.132276
 -0.915116 -2.003504 -1.551757 -1.375186
 -1.579248 -1.617375 -1.451905 -1.017972
