 -1.172955 0.000100 0.000100 0.000100
 -1.901193 0.000100 0.000100 0.000100
 -1.901193 0.000100 0.000100 0.000100
 -0.937085 0.000100 0.000100 0.000100
 -1.050527 -2.055108 -1.981000 -0.956498
 -1.217672 -1.876915 -3.198652 -0.672947
 -1.289131 -1.751752 -2.282377 -0.800780
 -1.657255 -1.911489 -1.541743 -0.804145
 -0.965792 -1.769286 -2.772582 -0.950977
 -1.268512 -2.618428 -2.772576 -0.538999
 -1.108976 -2.176811 -2.272120 -0.790523
 -1.565137 -2.225493 -1.516347 -0.769134
 -1.131403 -1.791758 -2.335371 -0.881942
 -1.111353 -1.884538 -3.270807 -0.731864
 -1.098613 -2.197219 -2.014899 -0.862225
 -1.612765 -2.241373 -1.312661 -0.855081
 -1.127433 -1.803187 -2.605529 -0.826680
 -1.307157 -2.044752 -2.245420 -0.704984
 -1.022627 -2.251287 -2.028145 -0.907558
 -1.767153 -1.854164 -1.463967 -0.818074
 -1.416327 -1.695911 -2.239524 -0.760452
 -1.037989 -2.079437 -2.166448 -0.900788
 -1.159238 -1.852382 -2.140062 -0.887305
 -1.588889 -2.082906 -1.461734 -0.822240
 -1.180163 -1.615480 -2.914754 -0.821529
 -1.558144 -2.356645 -2.474427 -0.493436
 -1.185624 -2.484899 -2.117178 -0.711841
 -1.652149 -2.075962 -1.425376 -0.815296
 -1.307704 -1.977860 -2.671002 -0.650065
 -1.421386 -2.068008 -2.268677 -0.637269
 -1.193923 -3.208804 -1.887067 -0.683099
 -1.827769 -1.933130 -1.435728 -0.783966
 -1.098613 -1.711716 -2.404859 -0.926763
 -1.516347 -2.209488 -1.767660 -0.693150
 -1.164988 -2.899575 -1.746907 -0.779327
 -1.782457 -1.964778 -1.364722 -0.829799
 -1.145133 -1.818075 -3.245179 -0.732889
 -1.235472 -2.257116 -2.056448 -0.740777
 -1.556193 -2.018814 -1.593933 -0.791589
 -1.901759 -1.999398 -1.637608 -0.652326
 -1.280934 -2.025372 -2.197221 -0.735708
 -1.455287 -1.504077 -2.014899 -0.888893
 -1.550597 -2.649199 -1.704747 -0.624830
 -2.039982 -2.064079 -1.460164 -0.671708
 -1.156721 -1.824548 -3.210827 -0.725939
 -1.470176 -2.163318 -2.674137 -0.534085
 -1.576914 -2.156729 -1.704747 -0.701448
 -2.091863 -2.117181 -1.349927 -0.699340
 -1.209364 -1.824548 -2.874360 -0.725939
 -1.374318 -2.116250 -2.472921 -0.612181
 -1.360977 -2.364273 -1.817733 -0.719124
 -1.873309 -1.976493 -1.474401 -0.736231
 -1.350955 -2.161882 -3.835831 -0.503659
 -1.330414 -2.386459 -2.674137 -0.553888
 -1.359143 -2.052287 -1.983295 -0.740106
 -1.746089 -2.033770 -1.467376 -0.767495
 -1.528857 -2.129628 -3.016923 -0.485509
 -1.609437 -2.436107 -2.079437 -0.531882
 -1.449473 -2.100057 -1.640527 -0.800780
 -1.806797 -2.348393 -1.249782 -0.790251
 -1.427116 -1.737270 -3.441998 -0.594209
 -1.446919 -2.273589 -2.427737 -0.555949
 -1.448815 -2.243741 -1.838278 -0.693149
 -2.218598 -2.064448 -1.177146 -0.784839
 -0.898748 -1.954796 -4.034194 -0.835569
 -1.803591 -1.877699 -3.344010 -0.435321
 -1.335001 -2.325395 -1.632252 -0.812813
 -2.046154 -2.120262 -1.272966 -0.753388
 -0.988156 -2.029607 -4.226787 -0.730328
 -1.398717 -2.784996 -2.091859 -0.565811
 -1.808287 -2.095968 -1.436725 -0.743580
 -1.823916 -2.172222 -1.267106 -0.814100
 -1.084627 -1.864783 -4.955730 -0.693149
 -1.359626 -1.906166 -3.205425 -0.590496
 -1.535329 -2.159481 -1.571697 -0.773191
 -2.098985 -2.047692 -1.293921 -0.746140
 -1.393842 -1.845825 -3.791707 -0.559617
 -1.532897 -1.992426 -2.397887 -0.585519
 -1.352393 -2.355689 -1.920374 -0.693149
 -1.936549 -1.915043 -1.299283 -0.830718
 -1.325670 -1.760986 -2.772579 -0.693149
 -1.677645 -1.945907 -2.564939 -0.521878
 -1.609437 -2.953159 -1.486835 -0.650589
 -1.945909 -1.842725 -1.331900 -0.832910
 -13.997835 -13.997835 -13.997835 -0.000002
 -13.732133 -13.732133 -13.732133 -0.000003
 -14.046625 -14.046625 -14.046625 -0.000002
 -14.972393 -14.972393 -14.972393 -0.000001
 -1.386294 -1.386294 -1.386294 -1.386294
 -1.386294 -1.386294 -1.386294 -1.386294
 -1.386294 -1.386294 -1.386294 -1.386294
 -1.423566 -2.408622 -0.993100 -1.208046
 -14.272938 -14.272938 -14.272938 -0.000002
 -13.287885 -13.287885 -13.287885 -0.000005
 -14.703403 -14.703403 -14.703403 -0.000001
 -14.488457 -14.488457 -14.488457 -0.000002
 -1.386294 -1.386294 -1.386294 -1.386294
 -1.386294 -1.386294 -1.386294 -1.386294
 -1.386294 -1.386294 -1.386294 -1.386294
 -0.000001 -15.696502 -15.696502 -15.696502
 -15.696502 -15.696502 -0.000000 -15.696502
 -1.386294 -1.386294 -1.386294 -1.386294
 -1.386294 -1.386294 -1.386294 -1.386294
 -1.386294 -1.386294 -1.386294 -1.386294
 -1.386294 -1.386294 -1.386294 -1.386294
 -1.386294 -1.386294 -1.386294 -1.386294
 -15.696502 -15.696502 -0.000000 -15.696502
 -1.386294 -1.386294 -1.386294 -1.386294
 -1.386294 -1.386294 -1.386294 -1.386294
 -1.386294 -1.386294 -1.386294 -1.386294
 -1.380215 -1.785680 -1.901193 -0.840714
 -1.386294 -1.386294 -1.386294 -1.386294
 -0.995072 -2.540991 -1.344745 -1.234745
 -1.203973 -2.215569 -1.867265 -0.829281
 -0.896090 -2.282377 -2.100057 -1.001450
 -1.602395 -2.119085 -1.275999 -0.918060
 -1.310079 0.000100 0.000100 0.000100
 -1.801200 0.000100 0.000100 0.000100
 -1.525788 0.000100 0.000100 0.000100
 -1.056556 0.000100 0.000100 0.000100
 -1.083798 -1.936008 -1.639743 -1.128918
 -0.962038 -2.104131 -1.921810 -1.050985
 -1.080264 -1.996552 -1.504077 -1.195776
 -1.413693 -1.772638 -1.625002 -0.941708
 -1.202543 -1.813451 -1.390595 -1.246346
 -1.203973 -1.756040 -1.867265 -0.986910
 -1.185624 -1.878769 -1.535826 -1.119666
 -1.563975 -1.746296 -1.601715 -0.880131
 -1.083798 -2.212260 -1.260254 -1.314321
 -1.106710 -1.875841 -1.824548 -1.036093
 -1.130770 -1.766757 -1.373716 -1.373716
 -1.561011 -1.617100 -1.409461 -1.057485
 -1.151131 -2.003341 -1.259764 -1.327587
 -1.098613 -1.742968 -1.651996 -1.203973
 -0.978990 -1.764509 -1.560910 -1.414307
 -1.605080 -1.770160 -1.444738 -0.933913
 -1.045969 -1.906169 -1.641477 -1.183170
 -1.049823 -2.148431 -1.843051 -0.980830
 -1.011602 -1.803187 -1.951607 -1.110041
 -1.512927 -1.687280 -1.663749 -0.903162
 -1.111516 -1.844402 -1.447988 -1.280934
 -1.244325 -2.205731 -1.726161 -0.858663
 -0.955513 -2.564942 -1.500238 -1.153963
 -1.583170 -1.834484 -1.564821 -0.853656
 -1.107959 -1.874129 -1.520490 -1.211755
 -1.098613 -1.680532 -1.734599 -1.190986
 -0.980830 -2.367119 -1.548813 -1.143349
 -1.719785 -1.447852 -1.416600 -1.069199
 -0.942452 -1.927304 -1.577102 -1.353959
 -0.935710 -1.571697 -2.469633 -1.153963
 -1.005523 -1.665878 -1.698668 -1.338666
 -1.521027 -1.601069 -1.688080 -0.928976
 -1.123305 -1.791759 -1.535039 -1.228666
 -1.048781 -2.147389 -1.701104 -1.048781
 -1.248895 -2.151759 -1.458615 -1.009666
 -1.559218 -1.689838 -1.462054 -0.985131
 -1.009268 -1.755057 -1.453953 -1.474156
 -1.218572 -1.566878 -1.653889 -1.189585
 -1.175574 -1.686398 -1.349927 -1.398717
 -1.567042 -1.494283 -1.708692 -0.952367
 -1.136532 -1.874129 -1.632968 -1.107959
 -1.105393 -1.778335 -2.001478 -1.008229
 -1.123931 -1.673976 -1.548813 -1.290984
 -1.689105 -1.689105 -1.641477 -0.827967
 -1.381566 -2.307333 -1.162204 -1.089179
 -1.276294 -1.601715 -2.087221 -0.927988
 -1.173274 -1.843430 -1.437966 -1.220902
 -1.691675 -1.363989 -1.335001 -1.214049
 -1.369856 -1.534935 -1.173146 -1.509617
 -1.158781 -1.924247 -1.423473 -1.206409
 -1.308333 -1.819157 -1.482686 -1.077222
 -1.800057 -1.682275 -1.411400 -0.903971
 -1.449716 -1.891547 -1.380723 -1.012999
 -1.113651 -2.189786 -2.332886 -0.770707
 -1.057370 -1.845825 -1.335001 -1.462834
 -1.597117 -1.992429 -1.576914 -0.788458
 -1.411485 -1.936008 -1.453157 -0.972572
 -1.219974 -2.708040 -1.881369 -0.722137
 -1.111352 -1.927099 -1.479076 -1.212448
 -1.706529 -1.788206 -1.347895 -0.937875
 -1.082352 -1.913648 -1.338285 -1.380845
 -1.229452 -1.229452 -1.890848 -1.331235
 -1.177203 -1.713506 -1.297347 -1.433922
 -1.490091 -1.659990 -1.305169 -1.160338
 -1.172721 -1.850599 -1.585907 -1.113001
 -1.112698 -1.704747 -2.323783 -0.937494
 -1.304616 -1.681093 -1.652922 -1.046788
 -1.680533 -1.884132 -1.629240 -0.764244
 -1.242862 -2.045207 -1.314321 -1.160171
 -1.139435 -1.937940 -1.783790 -0.999673
 -1.176778 -1.712294 -1.712294 -1.106160
 -1.512857 -1.743968 -1.338504 -1.071025
 -1.337976 -1.811759 -1.697349 -0.938821
 -1.474847 -1.635189 -1.403389 -1.107124
 -1.151723 -1.757857 -1.287855 -1.445483
 -1.718790 -1.696811 -1.181648 -1.106613
 -1.431757 -1.860751 -1.364316 -1.049823
 -1.448815 -1.586964 -1.663925 -0.990983
 -1.301030 -2.033396 -1.191831 -1.226922
 -1.537694 -1.378064 -1.597117 -1.106912
 -14.392126 -14.392126 -14.392126 -0.000002
 -14.159103 -14.159103 -14.159103 -0.000002
 -14.392126 -14.392126 -14.392126 -0.000002
 -14.723771 -14.723771 -14.723771 -0.000001
 -1.386294 -1.386294 -1.386294 -1.386294
 -1.386294 -1.386294 -1.386294 -1.386294
 -1.386294 -1.386294 -1.386294 -1.386294
 -1.569959 -1.678910 -1.834260 -0.808249
 -14.253768 -14.253768 -14.253768 -0.000002
 -14.144817 -14.144817 -14.144817 -0.000002
 -13.989468 -13.989468 -13.989468 -0.000003
 -15.015476 -15.015476 -15.015476 -0.000001
 -1.386294 -1.386294 -1.386294 -1.386294
 -1.386294 -1.386294 -1.386294 -1.386294
 -1.386294 -1.386294 -1.386294 -1.386294
 -0.000000 -15.823726 -15.823726 -15.823726
 -15.823725 -15.823725 -0.000000 -15.823725
 -1.386294 -1.386294 -1.386294 -1.386294
 -1.386294 -1.386294 -1.386294 -1.386294
 -1.386294 -1.386294 -1.386294 -1.386294
 -1.386294 -1.386294 -1.386294 -1.386294
 -1.386294 -1.386294 -1.386294 -1.386294
 -15.823725 -15.823725 -0.000000 -15.823725
 -1.386294 -1.386294 -1.386294 -1.386294
 -1.386294 -1.386294 -1.386294 -1.386294
 -1.386294 -1.386294 -1.386294 -1.386294
 -1.124447 -2.018264 -1.643571 -1.052703
 -1.386294 -1.386294 -1.386294 -1.386294
 -1.070098 -2.193099 -1.576914 -1.082219
 -0.931560 -1.650680 -1.822529 -1.376244
 -1.256242 -2.197221 -2.079439 -0.735708
 -1.298002 -1.823011 -1.668861 -0.975715
