 -1.254483 0.000100 0.000100 0.000100
 -2.076010 0.000100 0.000100 0.000100
 -1.781503 0.000100 0.000100 0.000100
 -0.865213 0.000100 0.000100 0.000100
 -1.017644 -1.853890 -2.067463 -1.034451
 -1.400088 -2.211011 -2.681007 -0.552793
 -0.896090 -2.100057 -1.812377 -1.183771
 -1.569432 -2.067269 -1.311604 -0.926548
 -1.069456 -2.038854 -2.185457 -0.881404
 -0.976511 -2.146575 -3.650613 -0.732890
 -1.216396 -1.791758 -1.909540 -0.944463
 -1.932837 -1.902984 -1.422012 -0.765907
 -1.195240 -1.527373 -2.458926 -0.929537
 -1.086637 -2.472921 -2.472921 -0.705271
 -1.056054 -1.688574 -2.442339 -0.966442
 -1.430390 -1.985914 -1.670062 -0.831734
 -1.246793 -1.716795 -2.409939 -0.813930
 -1.430746 -1.882728 -2.575868 -0.629971
 -1.386294 -2.028143 -1.845824 -0.775388
 -1.617568 -1.845826 -1.539096 -0.845950
 -1.289668 -1.749199 -1.982812 -0.884204
 -1.441557 -2.047689 -2.453150 -0.600776
 -1.098613 -2.068008 -1.900956 -0.939549
 -2.049587 -1.814748 -1.401562 -0.771929
 -1.256837 -2.039593 -1.721141 -0.900163
 -1.555370 -2.553890 -2.553890 -0.456761
 -1.435084 -1.945907 -1.763587 -0.803814
 -1.791759 -1.912386 -1.258461 -0.912511
 -1.201267 -2.039593 -2.247231 -0.769135
 -1.011603 -2.146575 -3.245165 -0.732890
 -1.402824 -2.095968 -1.625966 -0.833731
 -1.847109 -2.126693 -1.355989 -0.764892
 -1.301737 -1.580450 -2.204601 -0.887304
 -1.554629 -2.065450 -2.183231 -0.599121
 -1.537334 -2.033768 -2.033768 -0.647479
 -2.223689 -1.853316 -1.260254 -0.795197
 -1.425515 -2.005330 -2.005330 -0.712567
 -1.760009 -1.536867 -2.335368 -0.661401
 -1.731654 -2.530156 -2.019335 -0.493283
 -2.079440 -2.140064 -1.357307 -0.693148
 -1.221673 -1.462834 -3.455235 -0.816209
 -1.678429 -2.014898 -2.014898 -0.603919
 -1.546636 -2.284230 -1.974078 -0.604596
 -2.251290 -2.106108 -1.412963 -0.635624
 -1.207416 -2.176811 -3.881518 -0.567380
 -1.337504 -2.184796 -2.590255 -0.597840
 -1.446919 -2.060020 -1.985912 -0.693149
 -2.076145 -2.187371 -1.396245 -0.663878
 -1.460402 -2.153545 -2.926726 -0.513808
 -1.806794 -2.125244 -2.007463 -0.541134
 -1.530188 -1.866658 -1.935651 -0.724565
 -1.962384 -2.112666 -1.366876 -0.726373
 -1.524078 -1.907068 -3.005666 -0.537585
 -1.245938 -2.681007 -3.597268 -0.483800
 -1.628305 -2.187917 -2.033768 -0.578486
 -2.374903 -2.151761 -1.502417 -0.565448
 -1.477266 -2.219198 -3.423147 -0.461348
 -1.260254 -2.125244 -2.595241 -0.649348
 -1.299283 -3.091022 -2.079437 -0.585519
 -2.317621 -2.029940 -1.457422 -0.621174
 -1.173514 -2.009758 -2.965257 -0.682893
 -1.887066 -2.580203 -1.992425 -0.451989
 -1.278875 -2.782939 -1.741496 -0.724565
 -2.110989 -1.990361 -1.484092 -0.662564
 -1.025854 -2.466207 -4.663343 -0.602998
 -1.329136 -2.140059 -2.833194 -0.581925
 -1.466337 -2.246490 -1.648657 -0.752572
 -2.190665 -1.910364 -1.132061 -0.872841
 -1.517322 -2.433607 -4.043005 -0.392395
 -1.199418 -2.211011 -3.191819 -0.601583
 -1.174599 -2.327273 -2.327273 -0.701312
 -1.821612 -2.309963 -1.528264 -0.649976
 -1.394076 -1.768769 -14.070156 -0.542326
 -1.270463 -2.251282 -2.944412 -0.577319
 -1.622682 -1.845824 -1.845824 -0.719818
 -1.817077 -2.302583 -1.563628 -0.638423
 -1.218572 -2.547700 -4.744835 -0.482254
 -1.504077 -2.484895 -2.197217 -0.539000
 -1.634129 -2.209488 -1.841767 -0.622532
 -2.057323 -1.854382 -1.720851 -0.622240
 -1.405342 -1.955386 -2.466207 -0.638089
 -1.199418 -2.211011 -2.211011 -0.735114
 -1.584119 -2.410789 -1.648657 -0.667832
 -2.287316 -1.933677 -1.317917 -0.721231
 -0.340607 -1.396657 -3.188396 -13.785055
 -0.582608 -1.124931 -2.146575 -13.554151
 -0.604738 -1.643628 -1.345136 -13.989468
 -1.223776 -1.348939 -0.806615 -14.876768
 -0.858815 -1.930757 -2.929281 -0.973225
 -1.039190 -3.380977 -1.435084 -0.983100
 -0.948600 -2.208850 -1.597943 -1.202048
 -1.386294 -1.386294 -1.386294 -1.386294
 -14.648421 -14.648421 -14.648421 -0.000001
 -13.337481 -13.337481 -13.337481 -0.000005
 -13.641162 -13.641162 -13.641162 -0.000004
 -14.538218 -14.538218 -14.538218 -0.000001
 -1.386294 -1.386294 -1.386294 -1.386294
 -1.386294 -1.386294 -1.386294 -1.386294
 -1.386294 -1.386294 -1.386294 -1.386294
 -0.000001 -15.576812 -15.576812 -15.576812
 -15.576812 -15.576812 -0.000001 -15.576812
 -1.386294 -1.386294 -1.386294 -1.386294
 -1.386294 -1.386294 -1.386294 -1.386294
 -1.386294 -1.386294 -1.386294 -1.386294
 -1.386294 -1.386294 -1.386294 -1.386294
 -1.386294 -1.386294 -1.386294 -1.386294
 -1.647971 -2.677589 -0.395209 -2.728882
 -1.386294 -1.386294 -1.386294 -1.386294
 -1.722765 -1.774058 -1.774058 -0.729517
 -1.609435 -1.897113 -2.302570 -0.597843
 -1.376142 -1.781607 -1.844127 -0.865317
 -2.538951 -2.251277 -0.865002 -0.929540
 -1.017388 -1.871800 -1.823010 -1.129866
 -0.840307 -2.068966 -2.356645 -1.057371
 -0.853922 -2.312529 -1.724747 -1.213924
 -1.418043 -2.079440 -1.254718 -1.056542
 -1.262534 0.000100 0.000100 0.000100
 -1.749931 0.000100 0.000100 0.000100
 -1.516747 0.000100 0.000100 0.000100
 -1.127464 0.000100 0.000100 0.000100
 -1.136261 -1.774039 -1.530037 -1.228235
 -1.159277 -1.730298 -1.842168 -1.048160
 -1.116705 -1.843268 -1.526876 -1.213582
 -1.570631 -1.627299 -1.448221 -1.019879
 -1.148015 -1.810504 -1.578702 -1.161808
 -1.240152 -1.699685 -2.025107 -0.926495
 -1.156300 -1.751847 -1.623283 -1.156300
 -1.605306 -1.629655 -1.607025 -0.909585
 -1.147834 -1.814176 -1.530912 -1.192815
 -1.027369 -1.835245 -1.900044 -1.099865
 -1.065899 -1.868245 -1.568141 -1.228418
 -1.583963 -1.632676 -1.390709 -1.048295
 -1.089342 -1.875495 -1.469187 -1.272356
 -1.030533 -1.686008 -1.914447 -1.169564
 -1.079920 -1.830226 -1.497027 -1.286610
 -1.544856 -1.527099 -1.486341 -1.069168
 -1.133984 -1.809860 -1.553484 -1.193810
 -1.126322 -1.752778 -2.080684 -0.973815
 -1.067984 -1.795456 -1.566615 -1.267633
 -1.579661 -1.599535 -1.576089 -0.954038
 -1.191458 -1.877020 -1.390157 -1.223698
 -1.060731 -1.876242 -1.901348 -1.046212
 -1.079083 -1.839274 -1.603078 -1.204360
 -1.561569 -1.647858 -1.359310 -1.076184
 -1.102148 -1.893206 -1.533930 -1.198758
 -1.093925 -1.689760 -1.998263 -1.064308
 -1.081255 -1.774402 -1.484510 -1.329414
 -1.603157 -1.579101 -1.410742 -1.053780
 -1.061599 -1.856529 -1.620659 -1.203588
 -1.204183 -1.727694 -2.101742 -0.915976
 -1.090757 -1.817320 -1.613125 -1.196291
 -1.594591 -1.594591 -1.518605 -0.980829
 -1.122502 -1.860642 -1.450214 -1.257223
 -1.063499 -1.758496 -1.859750 -1.118594
 -1.061133 -1.918098 -1.567442 -1.209078
 -1.532915 -1.600604 -1.399194 -1.092061
 -1.085007 -1.900169 -1.485417 -1.251242
 -1.058416 -1.687963 -1.929765 -1.130361
 -1.097080 -1.767516 -1.562500 -1.252507
 -1.550340 -1.626147 -1.478296 -1.013043
 -1.100492 -1.696893 -1.620008 -1.251262
 -1.223647 -1.623668 -2.017797 -0.978904
 -1.130274 -1.865909 -1.626236 -1.121989
 -1.544123 -1.598837 -1.560902 -0.982370
 -1.152680 -1.750969 -1.460463 -1.278423
 -1.055372 -1.880313 -1.852914 -1.071148
 -1.037814 -1.994996 -1.474651 -1.269761
 -1.507408 -1.640511 -1.368822 -1.107968
 -1.111555 -1.893596 -1.468230 -1.237561
 -1.089365 -1.637704 -1.788447 -1.197579
 -1.097614 -1.793759 -1.486010 -1.295627
 -1.567668 -1.596039 -1.412519 -1.063508
 -1.103592 -1.712805 -1.629508 -1.231216
 -1.144590 -1.615787 -2.107685 -1.017791
 -1.083093 -1.725394 -1.651690 -1.232288
 -1.626888 -1.638187 -1.517043 -0.942203
 -1.108757 -1.787885 -1.484092 -1.287321
 -1.081955 -1.783991 -1.714998 -1.161113
 -1.085023 -1.917756 -1.466139 -1.257534
 -1.573743 -1.590110 -1.367627 -1.096260
 -1.115296 -1.871417 -1.441260 -1.267102
 -1.082125 -1.644575 -1.921280 -1.134412
 -1.033273 -1.771754 -1.501616 -1.380888
 -1.546380 -1.544645 -1.466337 -1.070534
 -1.048757 -1.858091 -1.572804 -1.251085
 -1.174047 -1.736656 -2.050313 -0.951701
 -1.061798 -1.785529 -1.668436 -1.210942
 -1.559081 -1.650307 -1.518971 -0.970899
 -1.103122 -1.972507 -1.365147 -1.295665
 -1.086984 -1.887850 -1.837630 -1.043622
 -1.098028 -1.908083 -1.461481 -1.251012
 -1.439392 -1.705588 -1.372289 -1.115545
 -1.107228 -1.880230 -1.462614 -1.254069
 -1.097184 -1.836341 -1.891655 -1.032913
 -1.064085 -1.810215 -1.469550 -1.342052
 -1.601435 -1.627124 -1.458213 -0.996288
 -1.095186 -1.787193 -1.543756 -1.256967
 -1.208398 -1.629505 -2.078118 -0.967236
 -1.056374 -1.840704 -1.543360 -1.273259
 -1.460320 -1.712946 -1.475729 -1.024733
 -0.857504 -1.502199 -1.040890 -17.096046
 -0.735259 -1.258255 -1.441938 -16.557640
 -0.847667 -1.409220 -1.117023 -16.710871
 -1.122540 -1.159541 -1.019105 -17.174496
 -1.391611 -1.666284 -1.531093 -1.061089
 -1.254447 -1.716810 -1.953511 -0.933048
 -1.301443 -1.584546 -1.685854 -1.086089
 -1.386294 -1.386294 -1.386294 -1.386294
 -16.980141 -16.980141 -16.980141 -0.000000
 -16.652246 -16.652246 -16.652246 -0.000000
 -16.622501 -16.622501 -16.622501 -0.000000
 -17.270565 -17.270565 -17.270565 -0.000000
 -1.386294 -1.386294 -1.386294 -1.386294
 -1.386294 -1.386294 -1.386294 -1.386294
 -1.386294 -1.386294 -1.386294 -1.386294
 0.000000 -18.303698 -18.303698 -18.303698
 -18.303698 -18.303698 0.000000 -18.303698
 -1.386294 -1.386294 -1.386294 -1.386294
 -1.386294 -1.386294 -1.386294 -1.386294
 -1.386294 -1.386294 -1.386294 -1.386294
 -1.386294 -1.386294 -1.386294 -1.386294
 -1.386294 -1.386294 -1.386294 -1.386294
 -1.091667 -1.627129 -1.746702 -1.225868
 -1.386294 -1.386294 -1.386294 -1.386294
 -1.179493 -2.012728 -1.282677 -1.267098
 -1.249622 -1.716835 -2.123893 -0.881436
 -1.044036 -1.825194 -1.619807 -1.241862
 -1.355743 -1.824856 -1.468894 -1.047472
 -1.044745 -1.966980 -1.376487 -1.363064
 -1.058947 -1.785996 -1.773147 -1.152800
 -0.943654 -2.012336 -1.681373 -1.234423
 -1.517828 -1.636780 -1.517828 -1.002340
