 -1.228123 0.000100 0.000100 0.000100
 -2.081613 0.000100 0.000100 0.000100
 -1.870718 0.000100 0.000100 0.000100
 -0.847660 0.000100 0.000100 0.000100
 -1.076634 -2.101913 -2.266215 -0.836249
 -1.081371 -1.854558 -2.953159 -0.793690
 -1.024002 -2.011386 -2.470915 -0.861484
 -1.457097 -1.759378 -1.468026 -1.009073
 -1.243680 -1.899555 -1.899555 -0.885741
 -1.056054 -2.219200 -3.135480 -0.693149
 -0.930998 -2.211927 -2.086765 -0.988156
 -1.455670 -2.092936 -1.388979 -0.931146
 -1.208961 -1.699166 -2.189788 -0.899640
 -1.584119 -1.928958 -2.197220 -0.619041
 -1.105003 -1.878190 -1.798148 -1.048913
 -1.609438 -1.845826 -1.474263 -0.883926
 -1.004087 -1.757857 -2.114531 -1.077290
 -0.967585 -2.238043 -3.064713 -0.762141
 -1.178656 -1.871801 -2.005331 -0.906722
 -1.496295 -1.907591 -1.484734 -0.913690
 -1.066524 -1.770253 -2.065051 -1.025281
 -1.309063 -2.211927 -2.522079 -0.615917
 -0.973862 -2.254791 -1.871800 -1.011602
 -1.683125 -1.932341 -1.436725 -0.840039
 -1.206601 -1.625311 -2.704117 -0.827805
 -1.083346 -2.670302 -2.382622 -0.693149
 -1.131403 -2.404363 -1.952381 -0.809320
 -1.630547 -2.056214 -1.459399 -0.812237
 -1.238579 -1.609437 -2.610883 -0.828430
 -1.248673 -2.095968 -2.858100 -0.629636
 -1.358124 -2.233588 -1.683545 -0.798509
 -1.597461 -2.077034 -1.474402 -0.813343
 -1.103047 -1.756973 -2.424799 -0.898747
 -1.348837 -1.930756 -2.390285 -0.685544
 -1.294727 -2.093232 -1.892562 -0.793953
 -1.643422 -2.067578 -1.463160 -0.801429
 -1.412728 -1.774517 -2.604862 -0.667396
 -1.425825 -2.220751 -2.374901 -0.583148
 -1.461932 -2.184063 -1.685074 -0.754601
 -1.926678 -1.926678 -1.386294 -0.779277
 -1.196674 -1.908168 -3.124555 -0.682219
 -1.689480 -1.871800 -2.382622 -0.563471
 -1.609437 -2.677272 -1.707877 -0.597838
 -1.778514 -1.904554 -1.338563 -0.867501
 -1.299283 -1.704747 -2.458516 -0.776762
 -1.394326 -1.692818 -2.525722 -0.717441
 -1.591633 -2.073469 -1.899116 -0.652087
 -1.762836 -2.086236 -1.518859 -0.722932
 -1.197053 -2.079439 -2.484903 -0.714202
 -1.712294 -1.894615 -2.587757 -0.520903
 -1.333651 -2.599311 -2.052771 -0.627766
 -2.081670 -1.996148 -1.370824 -0.722528
 -1.284330 -1.880311 -4.482955 -0.581031
 -1.495493 -1.863216 -2.556358 -0.610457
 -1.667706 -2.024379 -1.701607 -0.699458
 -2.009597 -1.890052 -1.498772 -0.710315
 -0.996830 -2.351372 -3.737647 -0.669618
 -1.587776 -2.522079 -2.355027 -0.477331
 -1.421386 -2.337672 -2.086359 -0.620026
 -2.079441 -1.880312 -1.635190 -0.639527
 -1.408273 -1.882730 -2.912343 -0.599816
 -1.731654 -1.782947 -2.088327 -0.633045
 -1.476891 -2.646955 -1.799663 -0.624681
 -1.816151 -2.051716 -1.457010 -0.742540
 -1.232961 -1.986730 -4.066143 -0.590076
 -1.203973 -2.079438 -2.014900 -0.817201
 -1.555043 -2.136963 -1.343735 -0.891751
 -2.049840 -1.881505 -1.315872 -0.797078
 -1.039615 -1.940399 -4.505302 -0.709862
 -1.527607 -1.681758 -2.913891 -0.611319
 -1.536867 -2.006869 -2.047691 -0.651037
 -2.047105 -1.763979 -1.554630 -0.716902
 -0.887304 -2.053053 -14.441451 -0.776762
 -1.308333 -2.106838 -2.917761 -0.590495
 -1.479980 -2.509593 -1.921810 -0.607493
 -1.640075 -2.150899 -1.457753 -0.783299
 -1.316451 -2.127379 -4.360941 -0.510827
 -1.572396 -1.890848 -2.583989 -0.569097
 -1.565635 -2.700607 -1.602002 -0.649346
 -2.252410 -2.231356 -1.266277 -0.682024
 -0.440446 -1.225027 -2.772581 -14.285517
 -0.537585 -1.118614 -2.417889 -13.825465
 -0.669051 -1.603358 -1.249719 -14.310209
 -1.191310 -1.090596 -1.021204 -15.418931
 -15.194278 -15.194278 -15.194278 -0.000001
 -14.845132 -14.845132 -14.845132 -0.000001
 -14.711600 -14.711600 -14.711600 -0.000001
 -1.386294 -1.386294 -1.386294 -1.386294
 -1.386294 -1.386294 -1.386294 -1.386294
 -1.386294 -1.386294 -1.386294 -1.386294
 -1.386294 -1.386294 -1.386294 -1.386294
 -1.757641 -2.732199 -0.582379 -1.590103
 -14.279247 -0.000002 -14.279247 -14.279247
 -13.304691 -0.000005 -13.304691 -13.304691
 -15.454508 -0.000001 -15.454508 -15.454508
 -14.446785 -0.000002 -14.446785 -14.446785
 -1.386294 -1.386294 -1.386294 -1.386294
 -0.000000 -16.036886 -16.036886 -16.036886
 -1.386294 -1.386294 -1.386294 -1.386294
 -1.386294 -1.386294 -1.386294 -1.386294
 -16.036886 -16.036886 -0.000000 -16.036886
 -1.386294 -1.386294 -1.386294 -1.386294
 -1.386294 -1.386294 -1.386294 -1.386294
 -1.386294 -1.386294 -1.386294 -1.386294
 -1.386294 -1.386294 -1.386294 -1.386294
 -1.386294 -1.386294 -1.386294 -1.386294
 -1.428383 -2.144413 -0.704053 -1.906564
 -1.386294 -1.386294 -1.386294 -1.386294
 -1.427871 -1.932425 -1.787244 -0.803044
 -1.424035 -1.504077 -2.284230 -0.831985
 -1.294179 -1.902984 -1.791759 -0.891385
 -2.211927 -1.828937 -1.069834 -0.949690
 -1.058339 -1.604882 -1.651402 -1.346021
 -0.840473 -2.585705 -1.687769 -1.176945
 -1.047320 -1.922786 -1.478102 -1.291516
 -1.536997 -1.895394 -1.391489 -0.951891
 -1.278720 0.000100 0.000100 0.000100
 -1.615690 0.000100 0.000100 0.000100
 -1.541831 0.000100 0.000100 0.000100
 -1.174853 0.000100 0.000100 0.000100
 -1.309702 -1.769618 -1.282428 -1.264649
 -1.084771 -1.727656 -1.727656 -1.182145
 -1.123184 -1.672898 -1.566676 -1.278994
 -1.763028 -1.505199 -1.304528 -1.093023
 -1.094699 -1.749527 -1.452490 -1.356672
 -1.278405 -1.587970 -1.815548 -1.037243
 -1.085764 -1.733165 -1.528070 -1.314241
 -1.625586 -1.393183 -1.469775 -1.124106
 -1.114652 -1.792984 -1.422435 -1.330361
 -1.169313 -1.628387 -1.884683 -1.075003
 -1.093793 -1.669157 -1.496857 -1.375085
 -1.625774 -1.493715 -1.428854 -1.081400
 -1.242550 -1.721801 -1.285291 -1.362427
 -1.207538 -1.756791 -1.777625 -1.023234
 -1.175890 -1.628608 -1.479076 -1.318991
 -1.759938 -1.440875 -1.254497 -1.184155
 -1.209760 -1.571550 -1.468114 -1.333139
 -1.205135 -1.625241 -1.898282 -1.039424
 -1.147333 -1.674443 -1.503378 -1.299283
 -1.752448 -1.367602 -1.415004 -1.111669
 -1.101213 -1.858898 -1.453434 -1.280415
 -1.124800 -1.727625 -2.021385 -1.007571
 -1.152947 -1.640360 -1.553348 -1.277095
 -1.644325 -1.451214 -1.480919 -1.063797
 -1.195503 -1.800301 -1.356370 -1.292421
 -1.079021 -1.798979 -1.798979 -1.111282
 -1.143448 -1.640262 -1.408461 -1.415381
 -1.702022 -1.492140 -1.263188 -1.171042
 -1.192287 -1.693477 -1.424810 -1.301805
 -1.190105 -1.425297 -1.990610 -1.143313
 -1.049016 -1.585710 -1.506198 -1.499849
 -1.605860 -1.441557 -1.354546 -1.188561
 -1.212912 -1.596177 -1.572507 -1.229374
 -1.232834 -1.786940 -1.846363 -0.959061
 -1.300849 -1.547249 -1.584707 -1.171638
 -1.614425 -1.627004 -1.300528 -1.102351
 -1.235156 -1.720663 -1.295780 -1.360319
 -1.230880 -1.663997 -1.751858 -1.063826
 -1.218619 -1.736757 -1.346701 -1.316118
 -1.635190 -1.390541 -1.369487 -1.197637
 -1.106612 -1.548891 -1.482402 -1.470774
 -1.023167 -1.674544 -1.980575 -1.154669
 -1.109992 -1.648376 -1.396245 -1.467280
 -1.622604 -1.354694 -1.471901 -1.154862
 -1.075596 -1.772162 -1.514022 -1.313351
 -1.208800 -1.647055 -1.849579 -1.045475
 -1.068427 -1.659035 -1.539370 -1.379864
 -1.711130 -1.435848 -1.496473 -1.028602
 -1.184970 -1.715598 -1.337162 -1.379126
 -1.095116 -1.693429 -1.693429 -1.211591
 -1.186234 -1.530428 -1.484966 -1.379605
 -1.669851 -1.479577 -1.332524 -1.138871
 -1.223021 -1.628486 -1.590746 -1.185281
 -1.158384 -1.594196 -1.862460 -1.115825
 -1.193923 -1.370546 -1.621049 -1.405232
 -1.583966 -1.444465 -1.439270 -1.133616
 -1.164913 -1.701608 -1.507858 -1.257807
 -1.095507 -1.721212 -1.841172 -1.114287
 -0.974560 -1.667706 -1.793476 -1.318331
 -1.659093 -1.497181 -1.353393 -1.116065
 -1.062708 -1.947090 -1.283295 -1.449576
 -1.103946 -1.880706 -1.710081 -1.093307
 -1.057724 -1.800141 -1.313857 -1.520064
 -1.765872 -1.405869 -1.329770 -1.141717
 -1.229760 -1.649614 -1.554868 -1.189755
 -1.149805 -1.459959 -2.161405 -1.090964
 -1.028524 -1.702695 -1.651402 -1.314930
 -1.627115 -1.240943 -1.571373 -1.182103
 -1.025281 -1.650109 -1.735406 -1.298478
 -1.011214 -1.949010 -1.970989 -1.037078
 -1.120960 -1.681988 -1.831201 -1.115326
 -1.389745 -1.675892 -1.491527 -1.082667
 -1.285697 -2.205901 -1.100775 -1.270193
 -1.132179 -1.940101 -1.525668 -1.150417
 -1.152038 -2.157558 -1.110240 -1.431622
 -1.863218 -1.745435 -1.064711 -1.122605
 -0.830993 -1.104107 -1.457246 -15.803386
 -0.923857 -0.923857 -1.579732 -15.196794
 -0.887617 -1.061970 -1.416380 -16.024883
 -1.336887 -0.730344 -1.364162 -15.954400
 -16.189486 -16.189486 -16.189486 -0.000000
 -16.234989 -16.234989 -16.234989 -0.000000
 -15.747032 -15.747032 -15.747032 -0.000000
 -1.386294 -1.386294 -1.386294 -1.386294
 -1.386294 -1.386294 -1.386294 -1.386294
 -1.386294 -1.386294 -1.386294 -1.386294
 -1.386294 -1.386294 -1.386294 -1.386294
 -1.745743 -1.540214 -1.386294 -1.018463
 -15.432918 -0.000001 -15.432918 -15.432918
 -15.638447 -0.000001 -15.638447 -15.638447
 -15.792366 -0.000001 -15.792366 -15.792366
 -16.160198 -0.000000 -16.160198 -16.160198
 -1.386294 -1.386294 -1.386294 -1.386294
 0.000000 -17.178659 -17.178659 -17.178659
 -1.386294 -1.386294 -1.386294 -1.386294
 -1.386294 -1.386294 -1.386294 -1.386294
 -17.178659 -17.178659 -0.000000 -17.178659
 -1.386294 -1.386294 -1.386294 -1.386294
 -1.386294 -1.386294 -1.386294 -1.386294
 -1.386294 -1.386294 -1.386294 -1.386294
 -1.386294 -1.386294 -1.386294 -1.386294
 -1.386294 -1.386294 -1.386294 -1.386294
 -1.024232 -1.573058 -1.640383 -1.428734
 -1.386294 -1.386294 -1.386294 -1.386294
 -1.217239 -1.960480 -1.291598 -1.243644
 -1.326357 -1.780141 -2.077773 -0.819313
 -1.221991 -1.933487 -1.885285 -0.894215
 -1.672051 -1.695399 -1.433640 -0.941164
 -1.073952 -1.798351 -1.250138 -1.578387
 -0.949814 -1.871802 -1.738270 -1.260485
 -0.908128 -1.798338 -1.508184 -1.561429
 -1.508324 -1.726162 -1.418833 -1.025110
