 -1.214685 0.000100 0.000100 0.000100
 -1.999047 0.000100 0.000100 0.000100
 -1.725510 0.000100 0.000100 0.000100
 -0.942507 0.000100 0.000100 0.000100
 -1.083345 -1.746638 -2.137503 -0.996334
 -1.310583 -2.291405 -2.542716 -0.596819
 -0.933534 -2.123113 -1.928958 -1.073295
 -1.450833 -1.716535 -1.467640 -1.034318
 -1.103728 -2.100059 -2.059237 -0.871396
 -1.233532 -2.332138 -2.555279 -0.627398
 -0.856778 -2.265538 -2.098486 -1.052522
 -1.637608 -1.945909 -1.468986 -0.838082
 -1.234414 -1.578185 -2.106251 -0.965082
 -0.960464 -2.784996 -2.602678 -0.730890
 -1.386294 -2.079438 -1.699950 -0.815751
 -1.518312 -1.774245 -1.518312 -0.935917
 -1.064711 -1.940178 -1.791758 -1.064711
 -1.098613 -2.708040 -2.862188 -0.610911
 -1.145133 -1.927889 -1.927889 -0.939282
 -1.463853 -1.980068 -1.583653 -0.854789
 -1.306252 -1.760987 -1.731134 -0.967037
 -1.307157 -2.650880 -3.749459 -0.453670
 -1.296144 -2.024378 -1.773066 -0.856778
 -1.741926 -1.875458 -1.309063 -0.912648
 -1.092056 -1.979356 -2.190664 -0.880747
 -1.335001 -2.474427 -2.607957 -0.546546
 -1.296682 -2.549438 -1.673975 -0.774494
 -1.452252 -1.928334 -1.690663 -0.829723
 -1.264127 -1.742162 -2.468095 -0.781702
 -0.948041 -2.302577 -2.772574 -0.798510
 -1.309334 -1.897117 -1.832579 -0.867502
 -1.791759 -2.177420 -1.284942 -0.813434
 -1.055263 -1.971551 -2.760002 -0.799916
 -1.258461 -2.079437 -2.685565 -0.648698
 -1.282616 -2.381222 -1.945908 -0.718682
 -1.939083 -1.892563 -1.133459 -0.958255
 -1.236763 -1.998901 -2.335371 -0.739361
 -1.386294 -3.091022 -3.378696 -0.399802
 -1.410200 -2.279233 -1.442989 -0.873896
 -1.921812 -1.970602 -1.439974 -0.739502
 -1.252763 -2.233588 -2.376688 -0.664978
 -1.360977 -1.958809 -2.277260 -0.693150
 -1.495493 -1.575536 -1.863216 -0.882391
 -2.016451 -1.807360 -1.266793 -0.864998
 -1.009666 -2.087221 -2.461911 -0.852480
 -1.302525 -2.149818 -3.025275 -0.574288
 -1.433547 -2.670302 -1.776491 -0.648028
 -1.836827 -1.815774 -1.382910 -0.850694
 -1.446919 -1.985913 -2.950986 -0.553103
 -1.734599 -1.498212 -2.363202 -0.681454
 -1.460402 -2.233588 -1.722765 -0.729517
 -1.814824 -1.989177 -1.383042 -0.799595
 -1.511982 -1.899746 -2.898266 -0.553729
 -1.547562 -1.978342 -2.597374 -0.554313
 -1.508512 -2.329487 -2.019335 -0.600255
 -2.194132 -1.949010 -1.311744 -0.740700
 -1.324052 -1.746907 -2.494116 -0.740106
 -0.962277 -2.090736 -2.409187 -0.905119
 -1.662547 -1.980999 -1.920374 -0.642718
 -1.760193 -1.987582 -1.455704 -0.781485
 -14.180157 -14.180157 -14.180157 -0.000002
 -13.742944 -13.742944 -13.742944 -0.000003
 -13.946543 -13.946543 -13.946543 -0.000003
 -14.933927 -14.933927 -14.933927 -0.000001
 -1.386294 -1.386294 -1.386294 -1.386294
 -1.386294 -1.386294 -1.386294 -1.386294
 -1.386294 -1.386294 -1.386294 -1.386294
 -2.056867 -2.045032 -1.283677 -0.764099
 -1.134981 -2.233586 -13.641162 -0.559618
 -1.498212 -2.363202 -2.496732 -0.510828
 -1.540445 -2.370790 -1.945909 -0.598838
 -2.112666 -1.772341 -1.433126 -0.753772
 -1.019832 -2.095968 -4.110827 -0.693149
 -1.235472 -2.151757 -2.257116 -0.716680
 -1.618916 -2.360848 -1.773066 -0.620390
 -1.966529 -2.200143 -1.273382 -0.756327
 -1.316336 -2.154662 -14.137597 -0.484604
 -0.923166 -2.093229 -2.344540 -0.958257
 -1.496109 -2.055722 -1.244795 -1.021652
 -1.859417 -1.964778 -1.186474 -0.919411
 -14.180157 -14.180157 -14.180157 -0.000002
 -13.664692 -13.664692 -13.664692 -0.000003
 -14.159103 -14.159103 -14.159103 -0.000002
 -14.866334 -14.866334 -14.866334 -0.000001
 -1.386294 -1.386294 -1.386294 -1.386294
 -1.386294 -1.386294 -1.386294 -1.386294
 -1.386294 -1.386294 -1.386294 -1.386294
 -15.698025 -15.698025 -15.698025 -0.000000
 -1.386294 -1.386294 -1.386294 -1.386294
 -1.386294 -1.386294 -1.386294 -1.386294
 -1.386294 -1.386294 -1.386294 -1.386294
 -1.902716 -2.703493 -0.738291 -1.184379
 -13.795312 -0.000003 -13.795312 -13.795312
 -12.994539 -0.000007 -12.994539 -12.994539
 -14.959735 -0.000001 -14.959735 -14.959735
 -14.513647 -0.000002 -14.513647 -14.513647
 -1.386294 -1.386294 -1.386294 -1.386294
 -0.000001 -15.698025 -15.698025 -15.698025
 -1.386294 -1.386294 -1.386294 -1.386294
 -1.386294 -1.386294 -1.386294 -1.386294
 -15.698025 -15.698025 -0.000000 -15.698025
 -1.386294 -1.386294 -1.386294 -1.386294
 -1.386294 -1.386294 -1.386294 -1.386294
 -1.386294 -1.386294 -1.386294 -1.386294
 -1.386294 -1.386294 -1.386294 -1.386294
 -1.386294 -1.386294 -1.386294 -1.386294
 -1.334392 -1.976824 -0.767372 -2.010347
 -1.386294 -1.386294 -1.386294 -1.386294
 -1.464412 -2.208850 -1.282091 -0.963638
 -1.566420 -1.738269 -2.719088 -0.598839
 -1.530657 -1.750019 -1.642774 -0.876125
 -1.769284 -1.992426 -1.481604 -0.763767
 -0.934310 -1.540445 -1.897118 -1.415282
 -1.108664 -1.897117 -2.120259 -0.916292
 -0.939106 -1.999975 -1.279431 -1.632252
 -1.571437 -1.935401 -1.292266 -0.985536
 -1.287854 0.000100 0.000100 0.000100
 -1.697233 0.000100 0.000100 0.000100
 -1.685537 0.000100 0.000100 0.000100
 -1.033939 0.000100 0.000100 0.000100
 -1.023390 -1.907589 -1.418043 -1.386294
 -1.307157 -1.803591 -1.957741 -0.859134
 -1.235472 -1.815287 -1.363305 -1.235472
 -1.609437 -1.609437 -1.468359 -0.995072
 -1.260669 -1.708692 -1.753143 -1.015547
 -1.163152 -1.897117 -1.742967 -1.014732
 -1.200742 -1.995668 -1.543686 -1.051211
 -1.481604 -1.481604 -1.741115 -0.993902
 -1.260669 -2.279233 -0.994040 -1.410200
 -1.211942 -1.540444 -2.128227 -0.996831
 -1.184556 -2.140061 -1.398129 -1.110448
 -1.689976 -1.568615 -1.435084 -0.996830
 -1.187166 -1.774951 -1.274177 -1.403389
 -1.622682 -1.691674 -1.558144 -0.896748
 -1.635189 -1.369487 -1.512588 -1.107124
 -2.079439 -1.262681 -1.527373 -0.980830
 -1.200396 -1.824547 -1.313724 -1.313724
 -1.009268 -1.728388 -2.274928 -1.035244
 -0.875470 -2.197220 -1.424035 -1.463255
 -1.494508 -1.682559 -1.466337 -1.024505
 -1.119232 -1.658227 -1.556445 -1.301553
 -1.272966 -1.609437 -2.931174 -0.762142
 -1.088461 -2.100057 -1.694594 -1.029621
 -1.750936 -1.535826 -1.414465 -0.999522
 -1.059998 -1.708692 -1.666132 -1.260669
 -1.363305 -1.889395 -1.621133 -0.927988
 -1.258461 -1.769284 -1.704746 -1.011602
 -1.482832 -1.510231 -1.567389 -1.068399
 -1.138459 -1.633154 -2.018814 -1.045369
 -1.064712 -1.575535 -2.068008 -1.133705
 -1.332806 -1.332806 -1.332806 -1.566420
 -1.766757 -1.566087 -1.479076 -0.935462
 -1.193104 -1.970805 -1.471816 -1.115142
 -1.108664 -1.714797 -2.407938 -0.916292
 -1.299283 -2.280106 -1.532897 -0.893820
 -1.426035 -1.901457 -1.426035 -0.993902
 -1.211636 -1.739702 -1.211636 -1.474000
 -1.026641 -1.639742 -2.412922 -1.026641
 -1.236763 -1.699385 -1.397105 -1.274503
 -1.821086 -1.719303 -1.202048 -1.026158
 -1.009486 -2.205731 -1.438480 -1.244325
 -1.211942 -1.791757 -2.032917 -0.904458
 -1.203973 -1.455287 -1.609437 -1.321756
 -2.011386 -1.429466 -1.623622 -0.844954
 -1.201267 -1.978968 -1.346449 -1.201267
 -0.992130 -1.849576 -2.090736 -1.054650
 -0.955513 -1.802807 -1.515127 -1.466337
 -1.555043 -1.990360 -1.367832 -0.922522
 -1.350955 -1.990033 -1.127812 -1.270913
 -1.174986 -1.275069 -1.734599 -1.446919
 -1.386294 -1.811176 -1.386294 -1.089044
 -1.811561 -1.446919 -1.292768 -1.118415
 -1.044546 -1.504077 -1.909540 -1.280934
 -1.515127 -1.466337 -2.112959 -0.847300
 -1.139435 -1.783790 -1.362578 -1.362578
 -1.722765 -1.683545 -1.897118 -0.722136
 -14.022528 -14.022528 -14.022528 -0.000002
 -13.732133 -13.732133 -13.732133 -0.000003
 -13.592372 -13.592372 -13.592372 -0.000004
 -14.340241 -14.340241 -14.340241 -0.000002
 -1.386294 -1.386294 -1.386294 -1.386294
 -1.386294 -1.386294 -1.386294 -1.386294
 -1.386294 -1.386294 -1.386294 -1.386294
 -1.822396 -1.439404 -1.377711 -1.052289
 -1.098614 -1.427116 -1.919589 -1.272966
 -1.089563 -1.927889 -2.302580 -0.871840
 -1.235814 -1.871800 -1.543298 -1.073295
 -1.653608 -1.280934 -1.450010 -1.216396
 -1.378451 -1.666132 -1.347680 -1.206601
 -0.861141 -1.935651 -1.802120 -1.316615
 -1.264598 -1.877699 -1.552279 -1.041455
 -1.577689 -2.047690 -1.131403 -1.073134
 -1.724317 -1.527607 -1.146241 -1.248895
 -1.084628 -1.777771 -2.065450 -1.004585
 -1.717650 -1.766440 -1.265667 -1.000975
 -1.854937 -1.435084 -1.161792 -1.229233
 -13.721204 -13.721204 -13.721204 -0.000003
 -13.764221 -13.764221 -13.764221 -0.000003
 -14.070156 -14.070156 -14.070156 -0.000002
 -14.214290 -14.214290 -14.214290 -0.000002
 -1.386294 -1.386294 -1.386294 -1.386294
 -1.386294 -1.386294 -1.386294 -1.386294
 -1.386294 -1.386294 -1.386294 -1.386294
 -15.350225 -15.350225 -15.350225 -0.000001
 -1.386294 -1.386294 -1.386294 -1.386294
 -1.386294 -1.386294 -1.386294 -1.386294
 -1.386294 -1.386294 -1.386294 -1.386294
 -1.745435 -1.586007 -1.311571 -1.046135
 -13.604795 -0.000004 -13.604795 -13.604795
 -13.764221 -0.000003 -13.764221 -13.764221
 -14.038657 -0.000002 -14.038657 -14.038657
 -14.304093 -0.000002 -14.304093 -14.304093
 -1.386294 -1.386294 -1.386294 -1.386294
 -0.000001 -15.350225 -15.350225 -15.350225
 -1.386294 -1.386294 -1.386294 -1.386294
 -1.386294 -1.386294 -1.386294 -1.386294
 -15.350225 -15.350225 -0.000001 -15.350225
 -1.386294 -1.386294 -1.386294 -1.386294
 -1.386294 -1.386294 -1.386294 -1.386294
 -1.386294 -1.386294 -1.386294 -1.386294
 -1.386294 -1.386294 -1.386294 -1.386294
 -1.386294 -1.386294 -1.386294 -1.386294
 -1.135938 -1.607285 -1.586007 -1.295697
 -1.386294 -1.386294 -1.386294 -1.386294
 -1.132746 -2.295892 -1.242747 -1.242747
 -1.098613 -1.824547 -2.740828 -0.819029
 -1.088142 -2.155977 -1.914817 -0.916292
 -1.708692 -1.899746 -1.378451 -0.873896
 -1.091178 -1.902106 -1.184268 -1.565635
 -1.098614 -2.484893 -1.529394 -1.003304
 -1.119891 -2.251286 -1.221673 -1.295781
 -1.403586 -1.945908 -1.475906 -0.960094
