 -1.262915 0.000100 0.000100 0.000100
 -1.761906 0.000100 0.000100 0.000100
 -1.791759 0.000100 0.000100 0.000100
 -0.970779 0.000100 0.000100 0.000100
 -0.904457 -1.865866 -1.988468 -1.192139
 -1.406097 -1.985912 -2.679052 -0.599623
 -1.098613 -1.956059 -2.397888 -0.833921
 -1.631910 -2.048803 -1.544899 -0.771710
 -1.165507 -1.701810 -2.091274 -0.961412
 -1.283347 -1.853888 -2.116250 -0.807925
 -1.000174 -1.900956 -2.163318 -1.000174
 -1.530001 -1.899747 -1.548350 -0.864506
 -0.982877 -1.797912 -1.958254 -1.142507
 -1.186582 -2.474427 -3.455235 -0.546546
 -0.998530 -2.251286 -1.845824 -0.998530
 -1.459445 -2.226698 -1.357663 -0.910087
 -1.071363 -1.732760 -2.020441 -1.055363
 -1.372308 -2.065450 -2.653228 -0.599121
 -1.168994 -1.801514 -2.437497 -0.828068
 -1.506171 -1.715263 -1.451112 -1.010556
 -1.154702 -1.810107 -1.970449 -0.962812
 -0.926243 -1.907068 -2.669200 -0.951560
 -0.879735 -1.978342 -1.770704 -1.285199
 -1.605173 -2.054122 -1.412270 -0.850152
 -1.249958 -1.849578 -2.291409 -0.787335
 -1.223776 -1.803591 -2.245420 -0.831735
 -1.138222 -2.236829 -1.995668 -0.828068
 -1.645155 -2.028147 -1.558144 -0.765907
 -1.023106 -2.034703 -2.545526 -0.840784
 -1.051546 -2.020941 -2.627069 -0.807925
 -1.156433 -2.003726 -1.923684 -0.905119
 -1.905831 -1.702891 -1.483837 -0.815589
 -1.217218 -1.805003 -2.251288 -0.834227
 -1.386294 -2.575868 -2.219198 -0.570547
 -1.343735 -2.324557 -1.749198 -0.760590
 -1.969439 -1.915372 -1.394076 -0.765469
 -1.163151 -1.807506 -2.212969 -0.881740
 -1.596858 -2.759995 -2.577677 -0.418207
 -1.527944 -2.024378 -1.773066 -0.731615
 -1.831691 -1.726331 -1.479471 -0.834334
 -1.131403 -1.729238 -2.740831 -0.831299
 -1.555370 -2.014899 -2.014899 -0.649664
 -1.446919 -2.227072 -1.791758 -0.712952
 -1.990034 -1.889951 -1.584570 -0.678862
 -1.158205 -1.962575 -2.310879 -0.806808
 -1.470176 -1.826848 -2.268677 -0.681721
 -1.598855 -2.346063 -1.598855 -0.693149
 -2.065835 -1.987873 -1.400088 -0.713910
 -1.403994 -1.845825 -2.656748 -0.641856
 -1.386294 -2.079437 -2.436107 -0.620829
 -1.499623 -2.079438 -2.320598 -0.591366
 -1.974080 -1.812812 -1.856297 -0.613105
 -1.116471 -1.782947 -3.117933 -0.776146
 -1.269761 -1.849576 -2.879183 -0.681976
 -1.623621 -2.065450 -1.554629 -0.766175
 -1.801149 -2.107878 -1.551933 -0.690037
 -1.394076 -1.724317 -3.473496 -0.611319
 -1.450010 -2.448529 -2.602678 -0.502632
 -1.642226 -3.146284 -1.441557 -0.640781
 -2.089803 -2.089803 -1.410643 -0.676112
 -0.576425 -0.940390 -3.044506 -13.864305
 -0.990401 -1.157454 -1.157454 -13.458841
 -0.897061 -1.543686 -0.971169 -13.845074
 -1.361293 -1.349023 -0.725305 -14.966084
 -1.060872 -1.576338 -3.951221 -0.848903
 -1.226174 -1.982498 -2.409939 -0.735968
 -1.582409 -2.253575 -1.346021 -0.845778
 -1.386294 -1.386294 -1.386294 -1.386294
 -1.240787 -1.744691 -3.166066 -0.705270
 -1.192800 -2.186046 -2.186046 -0.750969
 -1.622682 -2.133503 -1.765782 -0.667174
 -1.810953 -1.810953 -1.511711 -0.793031
 -1.129150 -1.894615 -4.890252 -0.656244
 -1.375365 -2.112959 -2.901406 -0.559618
 -1.532897 -2.397887 -2.174746 -0.545514
 -1.813265 -1.928334 -1.379227 -0.821626
 -1.046557 -1.930756 -4.182003 -0.716316
 -1.337504 -1.984127 -1.897117 -0.798510
 -1.757856 -2.268677 -1.470176 -0.704710
 -1.798538 -1.647308 -1.320912 -0.980830
 -14.085541 -14.085541 -14.085541 -0.000002
 -13.774693 -13.774693 -13.774693 -0.000003
 -13.937732 -13.937732 -13.937732 -0.000003
 -14.747676 -14.747676 -14.747676 -0.000001
 -1.386294 -1.386294 -1.386294 -1.386294
 -1.386294 -1.386294 -1.386294 -1.386294
 -1.386294 -1.386294 -1.386294 -1.386294
 -15.597220 -15.597220 -15.597220 -0.000001
 -1.386294 -1.386294 -1.386294 -1.386294
 -1.386294 -1.386294 -1.386294 -1.386294
 -1.386294 -1.386294 -1.386294 -1.386294
 -1.980160 -2.860517 -0.703300 -1.171944
 -13.617064 -0.000004 -13.617064 -13.617064
 -12.736712 -0.000009 -12.736712 -12.736712
 -14.893922 -0.000001 -14.893922 -14.893922
 -14.425279 -0.000002 -14.425279 -14.425279
 -1.386294 -1.386294 -1.386294 -1.386294
 -0.000001 -15.597220 -15.597220 -15.597220
 -1.386294 -1.386294 -1.386294 -1.386294
 -1.386294 -1.386294 -1.386294 -1.386294
 -15.597220 -15.597220 -0.000001 -15.597220
 -1.386294 -1.386294 -1.386294 -1.386294
 -1.386294 -1.386294 -1.386294 -1.386294
 -1.386294 -1.386294 -1.386294 -1.386294
 -1.386294 -1.386294 -1.386294 -1.386294
 -1.386294 -1.386294 -1.386294 -1.386294
 -1.382933 -2.259744 -0.663295 -2.043073
 -1.386294 -1.386294 -1.386294 -1.386294
 -1.315067 -2.008212 -1.636650 -0.909603
 -1.488076 -1.182697 -2.335365 -0.991642
 -1.280934 -2.168236 -1.716251 -0.848388
 -1.778854 -1.778854 -1.252764 -0.976511
 -0.998530 -1.932836 -1.979356 -1.053589
 -1.031922 -2.068008 -1.693318 -1.098613
 -1.134981 -1.673975 -1.583004 -1.252763
 -1.485728 -2.027324 -1.303407 -0.993252
 -1.278109 0.000100 0.000100 0.000100
 -1.681622 0.000100 0.000100 0.000100
 -1.641502 0.000100 0.000100 0.000100
 -1.073893 0.000100 0.000100 0.000100
 -1.090831 -1.856297 -1.484734 -1.268512
 -1.064127 -1.675927 -1.809458 -1.190420
 -1.156432 -1.655422 -1.492904 -1.310583
 -1.779100 -1.392684 -1.330552 -1.144223
 -1.142885 -1.730671 -1.459797 -1.303228
 -1.137399 -1.780948 -1.996058 -0.980830
 -1.108228 -1.581134 -1.731416 -1.247990
 -1.654558 -1.431415 -1.431415 -1.105993
 -1.247033 -1.557187 -1.470176 -1.301841
 -1.120592 -1.430746 -2.123891 -1.154493
 -1.148210 -1.791758 -1.536867 -1.200395
 -1.791759 -1.443453 -1.428854 -1.028232
 -1.198479 -2.023200 -1.158205 -1.378064
 -0.970780 -1.854279 -1.732918 -1.245216
 -0.921541 -1.818285 -1.725912 -1.340250
 -1.535826 -1.619909 -1.268512 -1.185624
 -1.040872 -1.805843 -1.545118 -1.312186
 -1.279611 -1.759182 -1.972755 -0.890146
 -1.215843 -1.570387 -1.277400 -1.528714
 -1.738514 -1.484734 -1.418043 -1.034318
 -1.063927 -1.609437 -1.446919 -1.515912
 -1.087440 -1.849578 -1.923685 -1.022901
 -1.098613 -1.440898 -1.898730 -1.272276
 -1.553674 -1.520338 -1.340752 -1.176865
 -1.087802 -1.931520 -1.461518 -1.250953
 -0.897942 -1.745239 -1.807759 -1.370546
 -0.998529 -1.609437 -1.781287 -1.335001
 -1.498412 -1.481604 -1.417066 -1.181500
 -1.269627 -1.657392 -1.526056 -1.167844
 -1.428091 -1.478102 -2.050619 -0.907558
 -1.047581 -1.423632 -1.668754 -1.514603
 -1.582667 -1.545626 -1.458615 -1.053150
 -1.170525 -1.863671 -1.358124 -1.281751
 -1.294220 -1.645617 -2.192159 -0.864364
 -1.066352 -1.598568 -1.520606 -1.448286
 -1.694595 -1.393120 -1.493925 -1.068460
 -1.020752 -1.898469 -1.502055 -1.319734
 -1.114873 -1.588160 -2.134702 -1.051360
 -1.141400 -1.696925 -1.340250 -1.445611
 -1.543840 -1.626532 -1.256159 -1.187166
 -1.147220 -1.624144 -1.587776 -1.269323
 -1.273817 -1.386294 -1.905087 -1.134980
 -1.089179 -1.688296 -1.638286 -1.257514
 -1.869923 -1.378804 -1.799306 -0.847299
 -1.148623 -1.676690 -1.444888 -1.346449
 -1.149385 -1.724748 -1.811759 -1.074162
 -1.017644 -1.853890 -1.615480 -1.261840
 -1.712978 -1.577177 -1.515619 -0.932820
 -1.038217 -1.578784 -1.471539 -1.560092
 -1.229641 -1.645155 -2.006167 -0.967277
 -1.032766 -1.588711 -1.381072 -1.668754
 -1.678430 -1.592908 -1.427116 -0.994253
 -1.005019 -1.968811 -1.303064 -1.502192
 -1.036093 -1.824548 -2.047691 -1.036093
 -1.031602 -1.479626 -1.501605 -1.644705
 -1.712295 -1.691675 -1.440361 -0.920058
 -0.841426 -1.354988 -1.168110 -14.855788
 -0.680878 -1.424035 -1.374024 -14.297939
 -0.840784 -1.292769 -1.223776 -14.528462
 -1.132514 -1.228974 -0.954032 -14.808764
 -1.175362 -1.877092 -1.394241 -1.237056
 -1.090548 -1.820508 -1.871801 -1.055042
 -1.055200 -1.768149 -1.403507 -1.446066
 -1.386294 -1.386294 -1.386294 -1.386294
 -1.028296 -1.616082 -1.616082 -1.406362
 -0.989880 -1.563225 -2.052771 -1.236013
 -1.041454 -1.446919 -1.884132 -1.347828
 -1.502192 -1.536678 -1.502192 -1.079921
 -1.098613 -1.812378 -1.366092 -1.393120
 -1.044009 -1.751753 -2.059237 -1.058608
 -1.035555 -1.911021 -1.368699 -1.416327
 -1.571697 -1.517630 -1.417547 -1.106335
 -1.375675 -1.974792 -1.404248 -1.013382
 -1.168041 -1.921811 -1.603358 -1.074515
 -1.477728 -1.716957 -1.168993 -1.267433
 -1.980068 -1.386294 -1.234278 -1.136640
 -14.538218 -14.538218 -14.538218 -0.000001
 -14.328337 -14.328337 -14.328337 -0.000002
 -14.707510 -14.707510 -14.707510 -0.000001
 -14.920769 -14.920769 -14.920769 -0.000001
 -1.386294 -1.386294 -1.386294 -1.386294
 -1.386294 -1.386294 -1.386294 -1.386294
 -1.386294 -1.386294 -1.386294 -1.386294
 -16.033627 -16.033627 -16.033627 -0.000000
 -1.386294 -1.386294 -1.386294 -1.386294
 -1.386294 -1.386294 -1.386294 -1.386294
 -1.386294 -1.386294 -1.386294 -1.386294
 -1.597539 -1.581539 -1.398336 -1.064384
 -14.436090 -0.000002 -14.436090 -14.436090
 -14.452089 -0.000002 -14.452089 -14.452089
 -14.635292 -0.000001 -14.635292 -14.635292
 -14.969243 -0.000001 -14.969243 -14.969243
 -1.386294 -1.386294 -1.386294 -1.386294
 -0.000000 -16.033627 -16.033627 -16.033627
 -1.386294 -1.386294 -1.386294 -1.386294
 -1.386294 -1.386294 -1.386294 -1.386294
 -16.033627 -16.033627 -0.000000 -16.033627
 -1.386294 -1.386294 -1.386294 -1.386294
 -1.386294 -1.386294 -1.386294 -1.386294
 -1.386294 -1.386294 -1.386294 -1.386294
 -1.386294 -1.386294 -1.386294 -1.386294
 -1.386294 -1.386294 -1.386294 -1.386294
 -1.109553 -1.535019 -1.619279 -1.359454
 -1.386294 -1.386294 -1.386294 -1.386294
 -1.059773 -1.863584 -1.524078 -1.271082
 -1.145133 -1.956061 -2.580212 -0.766479
 -1.060873 -2.208272 -1.985129 -0.899942
 -1.702631 -1.679642 -1.512588 -0.889121
 -1.069834 -1.851927 -1.393620 -1.379022
 -0.909123 -1.638636 -2.044100 -1.296888
 -0.888209 -1.971551 -1.628607 -1.373716
 -1.548137 -1.709067 -1.433362 -1.000173
