 -1.200696 0.000100 0.000100 0.000100
 -1.430874 0.000100 0.000100 0.000100
 -2.055812 0.000100 0.000100 0.000100
 -1.102841 0.000100 0.000100 0.000100
 -0.983950 -1.395684 -1.998679 -1.414732
 -1.110447 -1.552279 -2.363206 -1.008665
 -0.749661 -1.252764 -1.871799 -2.431410
 -1.635190 -1.274177 -1.635190 -1.107123
 -1.009382 -0.724753 -1.982112 -4.317457
 -0.634150 -1.071363 -2.308122 -3.589041
 -0.990400 -0.782761 -1.820745 -4.653864
 -1.406497 -0.606971 -1.687399 -3.688861
 -0.000001 -14.793839 -14.793839 -14.793839
 -0.000001 -15.003355 -15.003355 -15.003355
 -0.000003 -13.845074 -13.845074 -13.845074
 -0.000021 -11.849426 -11.849426 -11.849426
 -15.777014 -15.777014 -0.000000 -15.777014
 -1.386294 -1.386294 -1.386294 -1.386294
 -1.386294 -1.386294 -1.386294 -1.386294
 -1.386294 -1.386294 -1.386294 -1.386294
 -1.386294 -1.386294 -1.386294 -1.386294
 -1.386294 -1.386294 -1.386294 -1.386294
 -15.777014 -15.777014 -0.000000 -15.777014
 -1.386294 -1.386294 -1.386294 -1.386294
 -1.386294 -1.386294 -1.386294 -1.386294
 -1.386294 -1.386294 -1.386294 -1.386294
 -15.777014 -15.777014 -15.777014 -0.000000
 -1.386294 -1.386294 -1.386294 -1.386294
 -1.386294 -1.386294 -1.386294 -1.386294
 -1.386294 -1.386294 -1.386294 -1.386294
 -1.386294 -1.386294 -1.386294 -1.386294
 -15.777014 -15.777014 -15.777014 -0.000000
 -1.386294 -1.386294 -1.386294 -1.386294
 -1.386294 -1.386294 -1.386294 -1.386294
 -1.386294 -1.386294 -1.386294 -1.386294
 -1.159501 -1.654017 -2.596379 -0.866229
 -1.973183 -2.316127 -0.451346 -2.074965
 -1.616817 -2.204601 -0.852213 -1.329136
 -1.572395 -3.277102 -0.443936 -2.178523
 -2.404604 -2.062856 -0.524295 -1.657392
 -1.232144 -1.791757 -1.673975 -1.037989
 -1.085710 -2.734353 -2.734353 -0.630236
 -1.799085 -2.211930 -2.492231 -0.442645
 -2.010971 -1.666132 -1.953813 -0.624681
 -1.105833 -1.676376 -2.295412 -0.964183
 -1.408767 -1.609437 -2.708038 -0.715622
 -1.272966 -1.609437 -2.708035 -0.791130
 -1.531476 -1.704748 -1.881678 -0.799327
 -1.244324 -1.679641 -2.131625 -0.899484
 -1.456362 -1.632252 -3.791707 -0.599891
 -0.882391 -2.163318 -3.079593 -0.854992
 -1.899245 -1.606258 -2.315404 -0.596102
 -1.193923 -1.522426 -2.621033 -0.901254
 -1.838278 -1.791758 -3.273347 -0.451987
 -1.369487 -1.304949 -1.880309 -1.133100
 -2.043475 -1.287150 -2.539911 -0.662632
 -1.169230 -1.515506 -1.992428 -1.098613
 -1.483933 -1.851656 -2.844902 -0.583148
 -1.280935 -1.591087 -2.043067 -0.944464
 -2.016320 -1.377832 -2.340106 -0.656983
 -1.266948 -1.697729 -2.316765 -0.828694
 -1.438938 -1.871801 -2.564944 -0.631017
 -1.343735 -1.931517 -1.931517 -0.800122
 -1.713507 -1.409825 -2.079440 -0.797217
 -1.260353 0.000100 0.000100 0.000100
 -1.793651 0.000100 0.000100 0.000100
 -1.579641 0.000100 0.000100 0.000100
 -1.066982 0.000100 0.000100 0.000100
 -1.160488 -1.678430 -1.464857 -1.313457
 -1.193923 -2.020600 -1.791759 -0.921989
 -1.089480 -1.939812 -1.555853 -1.174840
 -1.540445 -1.802809 -1.346792 -1.019415
 -1.011043 -1.945909 -1.114361 -1.800728
 -0.817790 -1.760987 -1.783977 -1.519826
 -0.934563 -1.606656 -1.372463 -1.875988
 -1.441210 -1.457471 -1.551961 -1.143498
 -0.000001 -15.503760 -15.503760 -15.503760
 -0.000001 -14.920769 -14.920769 -14.920769
 -0.000001 -15.181603 -15.181603 -15.181603
 -0.000001 -15.073973 -15.073973 -15.073973
 -16.579941 -16.579941 -0.000000 -16.579941
 -1.386294 -1.386294 -1.386294 -1.386294
 -1.386294 -1.386294 -1.386294 -1.386294
 -1.386294 -1.386294 -1.386294 -1.386294
 -1.386294 -1.386294 -1.386294 -1.386294
 -1.386294 -1.386294 -1.386294 -1.386294
 -16.579941 -16.579941 -0.000000 -16.579941
 -1.386294 -1.386294 -1.386294 -1.386294
 -1.386294 -1.386294 -1.386294 -1.386294
 -1.386294 -1.386294 -1.386294 -1.386294
 -16.579941 -16.579941 -16.579941 -0.000000
 -1.386294 -1.386294 -1.386294 -1.386294
 -1.386294 -1.386294 -1.386294 -1.386294
 -1.386294 -1.386294 -1.386294 -1.386294
 -1.386294 -1.386294 -1.386294 -1.386294
 -16.579941 -16.579941 -16.579941 -0.000000
 -1.386294 -1.386294 -1.386294 -1.386294
 -1.386294 -1.386294 -1.386294 -1.386294
 -1.386294 -1.386294 -1.386294 -1.386294
 -1.620208 -1.620208 -1.432065 -1.006573
 -1.249583 -1.445328 -1.760408 -1.185045
 -1.164426 -1.798149 -2.138474 -0.905206
 -1.228006 -1.689041 -1.506719 -1.201338
 -1.450373 -1.450373 -1.526746 -1.159021
 -1.231159 -1.798679 -1.402517 -1.215534
 -1.060203 -1.779783 -1.933933 -1.077747
 -1.163816 -1.900447 -1.487602 -1.163816
 -1.677193 -1.774567 -1.176730 -1.092849
 -1.172898 -1.959863 -1.250456 -1.334539
 -1.170072 -1.693319 -1.735878 -1.110173
 -1.119722 -1.804900 -1.437175 -1.303644
 -1.723551 -1.599681 -1.081119 -1.271566
 -0.942144 -1.709399 -1.600200 -1.481140
 -1.272966 -1.473636 -1.979184 -1.042060
 -1.004141 -1.853536 -1.457924 -1.409605
 -1.591699 -1.569959 -1.527848 -0.990571
 -1.234745 -1.941877 -1.392373 -1.148312
 -1.177828 -2.099508 -1.881785 -0.874146
 -0.998529 -1.927504 -1.683307 -1.202942
 -1.501938 -1.646519 -1.551209 -0.987274
 -1.196753 -2.036881 -1.327205 -1.196753
 -1.106809 -1.609437 -1.837696 -1.170525
 -1.228666 -1.861187 -1.362197 -1.218303
 -1.742453 -1.635033 -1.280212 -1.044165
 -1.227657 -1.719382 -1.546111 -1.155913
 -1.234278 -1.829786 -1.719785 -0.995868
 -1.040202 -1.632252 -1.712295 -1.306830
 -1.546380 -1.613390 -1.457826 -1.035554
