 -1.220780 0.000100 0.000100 0.000100
 -1.500583 0.000100 0.000100 0.000100
 -1.807889 0.000100 0.000100 0.000100
 -1.145704 0.000100 0.000100 0.000100
 -1.154376 -1.576101 -1.735731 -1.198339
 -0.896313 -1.880810 -2.462729 -1.037724
 -0.837188 -1.315677 -1.767661 -2.055342
 -1.791759 -1.367602 -1.307704 -1.177084
 -1.066661 -1.360652 -1.945909 -1.360652
 -0.904992 -1.404643 -2.503252 -1.316090
 -0.916292 -1.045969 -2.735443 -1.693995
 -1.652149 -1.116188 -1.727656 -1.193574
 -14.991085 -1.450010 -1.561236 -0.587787
 -14.887095 -1.386294 -1.939083 -0.500605
 -14.038657 -1.090645 -1.692818 -0.733971
 -14.767170 -1.685627 -1.150109 -0.697016
 -1.386294 -1.386294 -1.386294 -1.386294
 -14.686806 -14.686806 -0.000001 -14.686806
 -14.580980 -14.580980 -0.000001 -14.580980
 -15.512960 -15.512960 -0.000001 -15.512960
 -1.386294 -1.386294 -1.386294 -1.386294
 -1.386294 -1.386294 -1.386294 -1.386294
 -16.118095 -16.118095 -0.000000 -16.118095
 -1.386294 -1.386294 -1.386294 -1.386294
 -1.386294 -1.386294 -1.386294 -1.386294
 -1.386294 -1.386294 -1.386294 -1.386294
 -16.118095 -16.118095 -16.118095 -0.000000
 -1.386294 -1.386294 -1.386294 -1.386294
 -1.386294 -1.386294 -1.386294 -1.386294
 -1.386294 -1.386294 -1.386294 -1.386294
 -1.386294 -1.386294 -1.386294 -1.386294
 -0.000000 -16.118095 -16.118095 -16.118095
 -0.574476 -1.931021 -3.611915 -1.328026
 -1.386294 -1.386294 -1.386294 -1.386294
 -1.386294 -1.386294 -1.386294 -1.386294
 -1.386294 -1.386294 -1.386294 -1.386294
 -1.465745 -2.128586 -0.799890 -1.605892
 -1.365816 -2.578832 -0.916292 -1.313172
 -1.909532 -2.197206 -0.656787 -1.504076
 -1.572396 -2.689354 -0.529875 -1.996210
 -1.360092 -1.809616 -1.954798 -0.825416
 -0.957535 -2.197219 -2.649199 -0.833921
 -1.439669 -1.733216 -2.414666 -0.699404
 -1.316615 -1.900561 -1.684339 -0.924053
 -1.079709 -1.697143 -2.167145 -1.014468
 -0.944462 -2.091861 -3.988953 -0.756864
 -1.369487 -1.826244 -2.372784 -0.710243
 -1.214214 -1.822803 -1.967985 -0.911934
 -1.108091 -1.557359 -2.671006 -0.941770
 -1.149579 -1.749199 -3.982761 -0.711958
 -1.071214 -1.546636 -2.890359 -0.944463
 -1.746781 -1.360008 -2.385860 -0.740244
 -1.091094 -1.536678 -2.321631 -1.047131
 -1.107581 -1.627456 -3.214412 -0.836936
 -0.976012 -1.343735 -2.288188 -1.343735
 -1.787244 -1.239280 -2.353639 -0.803043
 -1.106246 -1.583170 -2.436657 -0.977035
 -1.232722 -2.075400 -2.944433 -0.634192
 -1.295323 -1.386294 -2.639045 -0.904458
 -1.662547 -1.227230 -1.999019 -0.962928
 -1.102481 -1.795627 -1.919241 -1.035040
 -1.167606 -1.860751 -2.643507 -0.771710
 -0.937126 -1.578978 -2.495261 -1.140725
 -1.494576 -1.374432 -1.848216 -1.007433
 -1.274406 0.000100 0.000100 0.000100
 -1.729743 0.000100 0.000100 0.000100
 -1.534251 0.000100 0.000100 0.000100
 -1.116402 0.000100 0.000100 0.000100
 -1.154182 -1.841631 -1.377326 -1.295088
 -1.228902 -2.034989 -1.615136 -0.973282
 -1.153849 -1.998679 -1.537334 -1.096279
 -1.714798 -1.767442 -1.267486 -1.000509
 -1.052521 -1.687909 -1.854036 -1.173011
 -1.170438 -1.801709 -2.130212 -0.901549
 -1.108975 -1.840343 -1.559176 -1.200542
 -1.706999 -1.666508 -1.802309 -0.766218
 -15.538278 -1.600549 -1.422662 -0.584934
 -15.071128 -1.056765 -1.656093 -0.773190
 -15.012460 -1.612463 -2.088545 -0.390473
 -15.821037 -1.910215 -1.434546 -0.488204
 -1.386294 -1.386294 -1.386294 -1.386294
 -15.228934 -15.228934 -0.000001 -15.228934
 -15.250596 -15.250596 -0.000001 -15.250596
 -16.261330 -16.261330 -0.000000 -16.261330
 -1.386294 -1.386294 -1.386294 -1.386294
 -1.386294 -1.386294 -1.386294 -1.386294
 -16.803715 -16.803715 -0.000000 -16.803715
 -1.386294 -1.386294 -1.386294 -1.386294
 -1.386294 -1.386294 -1.386294 -1.386294
 -1.386294 -1.386294 -1.386294 -1.386294
 -16.803715 -16.803715 -16.803715 -0.000000
 -1.386294 -1.386294 -1.386294 -1.386294
 -1.386294 -1.386294 -1.386294 -1.386294
 -1.386294 -1.386294 -1.386294 -1.386294
 -1.386294 -1.386294 -1.386294 -1.386294
 -0.000000 -16.803715 -16.803715 -16.803715
 -1.181556 -1.726906 -1.567508 -1.181556
 -1.386294 -1.386294 -1.386294 -1.386294
 -1.386294 -1.386294 -1.386294 -1.386294
 -1.386294 -1.386294 -1.386294 -1.386294
 -1.045842 -1.575536 -1.767427 -1.305873
 -0.968629 -1.661775 -2.177587 -1.147969
 -1.105885 -1.440898 -1.836211 -1.298478
 -1.624326 -1.583504 -1.470176 -1.000172
 -1.116962 -1.998509 -1.348983 -1.281265
 -1.026739 -1.953147 -1.699952 -1.147884
 -1.037652 -1.906689 -1.403586 -1.380596
 -1.537193 -1.675063 -1.172971 -1.243845
 -1.160170 -1.786796 -1.504077 -1.214532
 -1.057271 -1.525407 -1.945909 -1.230290
 -1.073393 -1.914959 -1.235236 -1.513949
 -1.583235 -1.692435 -1.484795 -0.956929
 -1.225825 -1.569299 -1.521289 -1.273453
 -1.214596 -1.505519 -1.978123 -1.070202
 -1.087659 -1.618287 -1.687280 -1.273910
 -1.808623 -1.356638 -1.437764 -1.075471
 -1.061295 -2.016805 -1.421114 -1.274869
 -1.063132 -1.803110 -1.662753 -1.203221
 -0.979173 -2.235250 -1.371479 -1.333013
 -1.402715 -1.835027 -1.205059 -1.221498
 -1.018690 -1.812378 -1.551495 -1.332806
 -1.149165 -1.400479 -1.820332 -1.292266
 -1.288609 -1.801870 -1.295935 -1.252763
 -1.569674 -1.391599 -1.528175 -1.120004
 -1.212707 -1.709979 -1.434389 -1.260620
 -1.213252 -1.809548 -1.707270 -1.028110
 -1.062894 -1.824094 -1.644123 -1.203973
 -1.725913 -1.571762 -1.438231 -0.975608
