 -1.150011 0.000100 0.000100 0.000100
 -1.530475 0.000100 0.000100 0.000100
 -1.935939 0.000100 0.000100 0.000100
 -1.131202 0.000100 0.000100 0.000100
 -1.130770 -1.507247 -1.628607 -1.349023
 -1.044546 -1.637608 -2.043070 -1.126784
 -0.810933 -1.232144 -1.878767 -2.197217
 -1.862527 -1.443818 -1.470486 -0.970531
 -0.889263 -1.133460 -1.457246 -3.374151
 -0.701883 -1.218572 -2.036879 -2.547700
 -1.098613 -0.794932 -1.699385 -3.433958
 -1.313172 -0.672670 -1.644529 -3.590417
 -0.000002 -14.441451 -14.441451 -14.441451
 -0.000002 -14.493546 -14.493546 -14.493546
 -0.000003 -13.753639 -13.753639 -13.753639
 -0.000014 -12.254882 -12.254882 -12.254882
 -15.422947 -15.422947 -0.000001 -15.422947
 -1.386294 -1.386294 -1.386294 -1.386294
 -1.386294 -1.386294 -1.386294 -1.386294
 -1.386294 -1.386294 -1.386294 -1.386294
 -1.386294 -1.386294 -1.386294 -1.386294
 -1.386294 -1.386294 -1.386294 -1.386294
 -15.422947 -15.422947 -0.000001 -15.422947
 -1.386294 -1.386294 -1.386294 -1.386294
 -1.386294 -1.386294 -1.386294 -1.386294
 -1.386294 -1.386294 -1.386294 -1.386294
 -15.422947 -15.422947 -15.422947 -0.000001
 -1.386294 -1.386294 -1.386294 -1.386294
 -1.386294 -1.386294 -1.386294 -1.386294
 -1.386294 -1.386294 -1.386294 -1.386294
 -1.386294 -1.386294 -1.386294 -1.386294
 -15.422947 -0.944748 -0.492295 -15.422947
 -1.386294 -1.386294 -1.386294 -1.386294
 -0.873410 -1.900561 -2.965265 -0.963794
 -0.473288 -1.870163 -2.724576 -1.849110
 -1.386294 -1.386294 -1.386294 -1.386294
 -1.559067 -3.037163 -0.639275 -1.541676
 -1.034898 -2.133503 -1.239692 -1.440361
 -2.302565 -1.791753 -0.693154 -1.455286
 -2.319109 -1.913647 -0.569916 -1.668526
 -1.262916 -2.292529 -2.110209 -0.703302
 -1.321756 -1.860747 -2.708026 -0.671173
 -1.528469 -2.298575 -2.339396 -0.533847
 -1.890848 -1.527944 -2.360848 -0.620390
 -0.962812 -1.522426 -2.397889 -1.174121
 -1.229949 -1.776489 -3.481196 -0.677883
 -1.001451 -1.589233 -3.198631 -0.947384
 -1.382665 -1.627787 -1.927891 -0.898273
 -1.213023 -1.906168 -1.906168 -0.902869
 -1.704747 -1.761905 -2.985666 -0.517585
 -1.044547 -2.379534 -2.043067 -0.853493
 -1.550597 -1.791758 -1.956061 -0.734391
 -1.148623 -1.593308 -2.039593 -1.050985
 -1.453433 -1.704746 -2.734353 -0.654929
 -0.794933 -1.419084 -2.335365 -1.562184
 -2.172221 -1.248553 -2.332563 -0.688937
 -1.107582 -1.885283 -1.774058 -1.054938
 -1.277661 -2.031429 -3.194566 -0.599330
 -0.733973 -2.120255 -2.813385 -1.078812
 -2.003341 -1.276294 -2.003341 -0.795928
 -0.991641 -2.047690 -1.875841 -1.059082
 -1.504077 -1.887067 -2.985666 -0.552071
 -1.386294 -1.317302 -1.828123 -1.134982
 -1.655957 -1.586965 -1.704747 -0.861029
 -1.287421 0.000100 0.000100 0.000100
 -1.707639 0.000100 0.000100 0.000100
 -1.651897 0.000100 0.000100 0.000100
 -1.046857 0.000100 0.000100 0.000100
 -1.249630 -1.825805 -1.057623 -1.584643
 -1.105002 -1.688950 -1.486713 -1.354944
 -0.984854 -1.893111 -1.461329 -1.410686
 -1.709694 -1.565988 -1.132060 -1.245389
 -0.926873 -1.685978 -1.327033 -1.872855
 -0.808530 -1.523495 -1.811177 -1.754018
 -0.966553 -1.619290 -1.210530 -2.091275
 -1.620998 -1.098613 -1.693319 -1.255064
 -0.000001 -15.618870 -15.618870 -15.618870
 -0.000001 -15.206794 -15.206794 -15.206794
 -0.000001 -15.224056 -15.224056 -15.224056
 -0.000001 -14.959735 -14.959735 -14.959735
 -16.667374 -16.667374 -0.000000 -16.667374
 -1.386294 -1.386294 -1.386294 -1.386294
 -1.386294 -1.386294 -1.386294 -1.386294
 -1.386294 -1.386294 -1.386294 -1.386294
 -1.386294 -1.386294 -1.386294 -1.386294
 -1.386294 -1.386294 -1.386294 -1.386294
 -16.667374 -16.667374 -0.000000 -16.667374
 -1.386294 -1.386294 -1.386294 -1.386294
 -1.386294 -1.386294 -1.386294 -1.386294
 -1.386294 -1.386294 -1.386294 -1.386294
 -16.667372 -16.667372 -16.667372 -0.000000
 -1.386294 -1.386294 -1.386294 -1.386294
 -1.386294 -1.386294 -1.386294 -1.386294
 -1.386294 -1.386294 -1.386294 -1.386294
 -1.386294 -1.386294 -1.386294 -1.386294
 -16.667374 -0.869482 -0.543295 -16.667374
 -1.386294 -1.386294 -1.386294 -1.386294
 -1.034591 -1.735520 -1.791759 -1.198478
 -1.164344 -2.038540 -1.105595 -1.484392
 -1.386294 -1.386294 -1.386294 -1.386294
 -0.973861 -1.849329 -1.795262 -1.207476
 -1.057019 -2.122839 -2.465783 -0.803239
 -0.959042 -1.928442 -1.974962 -1.100818
 -1.720532 -1.625221 -1.548681 -0.887623
 -1.096828 -2.023871 -1.198038 -1.460402
 -1.162424 -1.788129 -1.810108 -1.031804
 -0.934640 -2.005852 -1.286038 -1.627787
 -1.847972 -1.628919 -1.039313 -1.228933
 -1.201887 -1.840967 -1.259046 -1.359516
 -1.026042 -1.699386 -1.699386 -1.287406
 -1.122423 -1.639291 -1.299937 -1.570971
 -1.495494 -1.476445 -1.295698 -1.295698
 -1.112325 -1.667512 -1.607494 -1.265490
 -1.190015 -1.678000 -1.816150 -1.060203
 -0.934109 -1.697051 -1.798404 -1.353718
 -1.664018 -1.465567 -1.559878 -0.995564
 -1.317050 -1.618916 -1.166932 -1.502192
 -0.974999 -1.902984 -1.883566 -1.134331
 -0.998529 -2.039982 -1.487193 -1.289016
 -1.661025 -1.465716 -1.162034 -1.323153
 -1.148623 -1.894413 -1.308130 -1.338666
 -1.231257 -1.526056 -1.924403 -1.065022
 -1.129657 -1.732420 -1.364695 -1.408370
 -1.577349 -1.506254 -1.369053 -1.147620
 -1.094564 -1.793790 -1.500029 -1.287854
 -1.312624 -1.800975 -1.800975 -0.914763
 -1.091392 -1.721800 -1.695132 -1.197552
 -1.879866 -1.519252 -1.305325 -1.028817
