 -1.149256 0.000100 0.000100 0.000100
 -1.581038 0.000100 0.000100 0.000100
 -1.779489 0.000100 0.000100 0.000100
 -1.175573 0.000100 0.000100 0.000100
 -0.950977 -1.602965 -1.879951 -1.348073
 -1.290984 -1.427116 -2.525724 -0.903869
 -1.208047 -1.410987 -1.698668 -1.293204
 -1.592908 -1.226446 -1.752538 -1.108663
 -0.976146 -1.372308 -1.623622 -1.757153
 -0.918394 -1.209591 -2.381225 -1.560247
 -0.899197 -1.064712 -1.680896 -2.779501
 -1.694960 -0.966722 -1.277661 -1.849110
 -0.938621 -1.352183 -1.788609 -1.698458
 -0.639592 -1.558954 -2.514463 -1.707989
 -0.682677 -1.258040 -2.068968 -2.474431
 -1.312187 -0.955512 -1.791758 -1.717651
 -0.700231 -2.009037 -15.262430 -0.995844
 -1.390133 -1.780330 -14.774862 -0.540641
 -0.617925 -1.807506 -14.062374 -1.214445
 -1.971551 -1.425009 -14.272938 -0.477629
 -15.115704 -15.115704 -0.000001 -15.115704
 -14.285517 -14.285517 -0.000002 -14.285517
 -1.386294 -1.386294 -1.386294 -1.386294
 -15.308415 -15.308415 -0.000001 -15.308415
 -1.386294 -1.386294 -1.386294 -1.386294
 -1.386294 -1.386294 -1.386294 -1.386294
 -16.089697 -16.089697 -16.089697 -0.000000
 -1.386294 -1.386294 -1.386294 -1.386294
 -1.386294 -1.386294 -1.386294 -1.386294
 -1.386294 -1.386294 -1.386294 -1.386294
 -1.386294 -1.386294 -1.386294 -1.386294
 -0.263291 -4.106761 -1.726064 -3.295835
 -0.279240 -2.645772 -3.908009 -1.879866
 -0.133549 -11.982954 -2.772514 -2.772514
 -0.090698 -3.766975 -3.073840 -4.054648
 -0.405472 -1.637606 -12.793870 -1.974072
 -15.844975 -15.844975 -0.000000 -15.844975
 -13.369229 -13.369229 -0.000005 -13.369229
 -12.388411 -12.388411 -0.000012 -12.388411
 -14.022528 -14.022528 -0.000002 -14.022528
 -1.386294 -1.386294 -1.386294 -1.386294
 -1.386294 -1.386294 -1.386294 -1.386294
 -2.011821 -2.108671 -3.268435 -0.347022
 -1.386294 -1.386294 -1.386294 -1.386294
 -0.773191 -2.094943 -2.564942 -1.083346
 -1.187166 -1.512588 -3.161230 -0.838860
 -0.720551 -2.001471 -1.819152 -1.531475
 -1.285310 -1.753211 -1.989039 -0.883360
 -1.184428 -1.845826 -2.220518 -0.849494
 -1.374318 -1.528468 -2.914754 -0.742541
 -1.218572 -2.036879 -2.260020 -0.755950
 -1.880887 -1.394076 -2.374904 -0.680311
 -1.152680 -1.335001 -2.338300 -1.125281
 -1.444358 -1.466337 -3.663544 -0.677881
 -1.034075 -1.934857 -2.197219 -0.944463
 -1.811562 -1.131838 -2.415477 -0.856051
 -1.112036 -1.544899 -2.371575 -1.009382
 -1.489152 -1.754854 -3.185593 -0.579551
 -0.830350 -1.466337 -2.410789 -1.412270
 -1.736256 -1.271549 -2.285363 -0.817153
 -1.132658 -1.365590 -2.532021 -1.069745
 -1.272966 -1.889739 -2.708045 -0.688713
 -1.086191 -1.548812 -2.590255 -0.980831
 -1.664674 -1.395684 -2.274932 -0.775920
 -1.282889 0.000100 0.000100 0.000100
 -1.783733 0.000100 0.000100 0.000100
 -1.464253 0.000100 0.000100 0.000100
 -1.128543 0.000100 0.000100 0.000100
 -1.113775 -1.732665 -1.557461 -1.258078
 -1.159096 -1.711543 -2.113888 -0.954835
 -1.099843 -1.749610 -1.665945 -1.189994
 -1.668909 -1.583974 -1.466826 -0.978877
 -1.235081 -1.694035 -1.516609 -1.184309
 -1.189293 -1.800466 -1.734771 -1.038738
 -1.188691 -1.698990 -1.675582 -1.122968
 -1.708005 -1.668244 -1.351018 -0.990964
 -1.139663 -1.767557 -1.480947 -1.266198
 -1.097049 -2.057258 -1.720786 -1.023275
 -1.165498 -1.768158 -1.450399 -1.261923
 -1.649773 -1.745518 -1.303002 -1.017114
 -0.948625 -1.875572 -17.190706 -0.777705
 -1.027313 -1.458096 -16.667374 -0.893177
 -0.844748 -1.972872 -17.026758 -0.841003
 -1.558291 -1.627483 -17.345100 -0.522424
 -17.381092 -17.381092 -0.000000 -17.381092
 -16.741894 -16.741894 -0.000000 -16.741894
 -1.386294 -1.386294 -1.386294 -1.386294
 -17.756121 -17.756121 0.000000 -17.756121
 -1.386294 -1.386294 -1.386294 -1.386294
 -1.386294 -1.386294 -1.386294 -1.386294
 -18.473938 -18.473938 -18.473938 0.000000
 -1.386294 -1.386294 -1.386294 -1.386294
 -1.386294 -1.386294 -1.386294 -1.386294
 -1.386294 -1.386294 -1.386294 -1.386294
 -1.386294 -1.386294 -1.386294 -1.386294
 -1.649284 -1.793942 -1.497604 -0.872647
 -1.381864 -2.023325 -1.627860 -0.866726
 -1.287569 -1.997383 -1.564292 -0.969867
 -1.110553 -2.524246 -1.596382 -0.947069
 -1.818667 -2.204741 -1.321926 -0.774666
 -17.028368 -17.028368 -0.000000 -17.028368
 -16.284458 -16.284458 -0.000000 -16.284458
 -17.001036 -17.001036 -0.000000 -17.001036
 -17.613916 -17.613916 0.000000 -17.613916
 -1.386294 -1.386294 -1.386294 -1.386294
 -1.386294 -1.386294 -1.386294 -1.386294
 -1.082716 -1.862365 -1.609154 -1.184289
 -1.386294 -1.386294 -1.386294 -1.386294
 -1.252343 -2.034552 -1.378486 -1.104227
 -1.107812 -1.859968 -1.958813 -0.986134
 -1.100510 -1.908240 -1.790812 -1.043747
 -1.657686 -1.948082 -1.266963 -0.954025
 -1.104535 -1.892154 -1.421286 -1.285599
 -1.227663 -1.671527 -1.820944 -1.029486
 -1.033473 -1.899352 -1.589570 -1.235973
 -1.739462 -1.654335 -1.498407 -0.892379
 -1.144003 -1.694481 -1.593061 -1.222607
 -1.144178 -1.715665 -2.055238 -0.984548
 -1.031736 -1.706512 -1.594137 -1.350808
 -1.554723 -1.538954 -1.561368 -1.009784
 -1.138251 -1.878355 -1.437897 -1.240107
 -1.114454 -1.895157 -1.885401 -0.994677
 -1.075746 -1.909665 -1.567042 -1.196781
 -1.658009 -1.665719 -1.315411 -1.043945
 -1.167772 -1.897009 -1.389306 -1.238993
 -1.099775 -1.957599 -1.760301 -1.038843
 -1.131108 -1.833423 -1.504498 -1.219661
 -1.689529 -1.700561 -1.296682 -1.023389
