 -1.123459 0.000100 0.000100 0.000100
 -1.430189 0.000100 0.000100 0.000100
 -1.895076 0.000100 0.000100 0.000100
 -1.254298 0.000100 0.000100 0.000100
 -0.999879 -1.572396 -2.098486 -1.197704
 -0.830350 -1.466337 -2.410789 -1.412270
 -1.252764 -1.945904 -1.001451 -1.589233
 -1.536867 -1.274503 -1.824547 -1.066865
 -0.935161 -1.271632 -2.107876 -1.581786
 -0.735114 -2.093229 -3.597268 -0.994624
 -0.751420 -1.262243 -3.277102 -1.572395
 -1.397105 -1.036093 -1.642226 -1.588160
 -14.038657 -1.570217 -1.570217 -0.537856
 -13.676253 -1.521469 -1.693318 -0.514667
 -12.765700 -1.157455 -1.609435 -0.722140
 -13.579793 -1.596858 -1.596858 -0.519303
 -1.386294 -1.386294 -1.386294 -1.386294
 -13.487012 -13.487012 -0.000004 -13.487012
 -13.384734 -13.384734 -0.000005 -13.384734
 -14.452089 -14.452089 -0.000002 -14.452089
 -1.386294 -1.386294 -1.386294 -1.386294
 -1.386294 -1.386294 -1.386294 -1.386294
 -14.997239 -14.997239 -0.000001 -14.997239
 -1.386294 -1.386294 -1.386294 -1.386294
 -1.386294 -1.386294 -1.386294 -1.386294
 -1.386294 -1.386294 -1.386294 -1.386294
 -14.997239 -14.997239 -14.997239 -0.000001
 -1.386294 -1.386294 -1.386294 -1.386294
 -1.386294 -1.386294 -1.386294 -1.386294
 -1.386294 -1.386294 -1.386294 -1.386294
 -1.386294 -1.386294 -1.386294 -1.386294
 -14.997239 -2.231548 -0.896549 -0.724303
 -1.386294 -1.386294 -1.386294 -1.386294
 -0.336480 -2.862162 -3.555259 -1.609435
 -0.162963 -2.587757 -4.197155 -2.810898
 -0.680570 -1.927099 -2.664693 -1.278406
 -4.285851 -3.775039 -0.066376 -3.592721
 -2.862162 -2.862162 -0.223151 -2.456714
 -2.638986 -11.849426 -0.154171 -2.638986
 -3.384347 -4.077444 -0.145717 -2.468086
 -2.079391 -1.386294 -2.079391 -0.693172
 -1.386294 -11.289832 -2.079391 -0.470034
 -2.221238 -2.428876 -3.741052 -0.248897
 -1.609431 -1.609431 -1.321758 -1.098619
 -1.152682 -2.538951 -2.251277 -0.693152
 -1.824542 -1.488076 -2.740803 -0.600781
 -1.178661 -0.955522 -1.466334 -2.564880
 -1.471816 -1.625967 -1.690505 -0.943292
 -1.124931 -1.635754 -1.945906 -1.085710
 -1.147404 -1.945905 -3.449944 -0.677402
 -0.993254 -1.791756 -2.197215 -1.044547
 -1.838278 -1.550597 -2.397890 -0.620124
 -1.122144 -1.815287 -2.056448 -0.957841
 -1.220503 -1.913645 -4.110780 -0.614370
 -1.131405 -1.354546 -3.433900 -0.949085
 -1.952688 -1.126012 -2.358150 -0.822826
 -1.165753 -1.858896 -1.704746 -1.047970
 -1.425009 -1.730388 -3.676256 -0.585261
 -1.686394 -1.349927 -12.506192 -0.587795
 -1.871800 -1.273965 -2.190253 -0.788459
 -0.881202 -1.850597 -2.456725 -1.070443
 -1.457246 -2.681007 -2.904145 -0.440315
 -1.673972 -1.673972 -2.079429 -0.693154
 -1.551543 -1.256080 -2.244688 -0.922936
 -1.322527 0.000100 0.000100 0.000100
 -1.597269 0.000100 0.000100 0.000100
 -1.606838 0.000100 0.000100 0.000100
 -1.106938 0.000100 0.000100 0.000100
 -1.221246 -1.808542 -1.461405 -1.173333
 -1.257776 -2.036564 -1.511966 -1.008510
 -1.191234 -1.874932 -1.585684 -1.084766
 -1.817459 -1.681686 -1.379609 -0.916728
 -1.166617 -1.708793 -1.835373 -1.055716
 -1.297701 -1.702079 -1.823125 -0.959677
 -1.255273 -1.754437 -1.331414 -1.280516
 -1.641056 -1.594663 -1.691173 -0.870017
 -17.099424 -1.522614 -1.478909 -0.590639
 -16.781815 -1.138534 -1.766339 -0.675791
 -16.811243 -1.509593 -1.835711 -0.478843
 -17.443312 -1.731682 -1.420627 -0.542229
 -1.386294 -1.386294 -1.386294 -1.386294
 -16.956209 -16.956209 -0.000000 -16.956209
 -16.891901 -16.891901 -0.000000 -16.891901
 -17.891861 -17.891861 0.000000 -17.891861
 -1.386294 -1.386294 -1.386294 -1.386294
 -1.386294 -1.386294 -1.386294 -1.386294
 -18.457302 -18.457302 0.000000 -18.457302
 -1.386294 -1.386294 -1.386294 -1.386294
 -1.386294 -1.386294 -1.386294 -1.386294
 -1.386294 -1.386294 -1.386294 -1.386294
 -18.457302 -18.457302 -18.457302 0.000000
 -1.386294 -1.386294 -1.386294 -1.386294
 -1.386294 -1.386294 -1.386294 -1.386294
 -1.386294 -1.386294 -1.386294 -1.386294
 -1.386294 -1.386294 -1.386294 -1.386294
 -18.457302 -1.604437 -1.110151 -0.756112
 -1.386294 -1.386294 -1.386294 -1.386294
 -1.102938 -1.631257 -1.886782 -1.136740
 -1.157666 -2.018714 -1.123795 -1.478800
 -1.700752 -1.619758 -1.659975 -0.845452
 -1.200839 -1.665600 -1.671594 -1.133098
 -1.169524 -1.763680 -2.020945 -0.953105
 -1.148721 -1.727965 -1.697338 -1.132763
 -1.558215 -1.559558 -1.569012 -0.991530
 -1.277928 -1.857208 -1.248223 -1.279185
 -1.158005 -1.855994 -1.686702 -1.065774
 -1.100710 -2.086275 -1.300506 -1.306292
 -1.657402 -1.754448 -1.098612 -1.193923
 -1.255317 -1.812379 -1.411388 -1.177835
 -1.153812 -1.650388 -1.788062 -1.122981
 -1.237449 -1.781524 -1.287126 -1.326396
 -1.686011 -1.569198 -1.344813 -1.061483
 -1.197358 -1.674960 -1.540691 -1.215842
 -1.269803 -1.682815 -1.997370 -0.922381
 -1.107274 -1.728349 -1.691508 -1.178557
 -1.760536 -1.489722 -1.461168 -0.992506
 -1.223703 -1.815706 -1.370046 -1.241181
 -1.113940 -1.781994 -1.733620 -1.118435
 -1.118775 -1.859223 -1.416944 -1.290719
 -1.599303 -1.611988 -1.287748 -1.131402
 -1.148032 -1.795961 -1.464010 -1.253637
 -1.199392 -1.623308 -1.738650 -1.122025
 -1.150509 -1.738295 -1.382745 -1.359397
 -1.669668 -1.537815 -1.404468 -1.045993
 -1.242820 -1.656826 -1.465052 -1.239181
 -1.253529 -1.626436 -2.011334 -0.956943
 -1.216448 -1.740048 -1.503660 -1.184523
 -1.784843 -1.510406 -1.434769 -0.985678
