 -1.050527 0.000100 0.000100 0.000100
 -1.757857 0.000100 0.000100 0.000100
 -2.055108 0.000100 0.000100 0.000100
 -1.050527 0.000100 0.000100 0.000100
 -0.796946 -1.697728 -2.653228 -1.218158
 -1.070444 -1.609435 -2.862162 -0.916295
 -0.955517 -1.648654 -1.466336 -1.648654
 -1.960090 -1.043806 -1.697728 -1.127187
 -1.067842 -0.980831 -1.519825 -2.772570
 -0.820984 -1.272967 -2.120255 -1.832577
 -1.060876 -1.466336 -1.648654 -1.466336
 -1.370546 -0.810933 -1.435084 -2.756822
 -0.596523 -1.526055 -2.154658 -2.154658
 -0.325426 -1.791757 -2.890352 -2.890352
 -0.597842 -1.491654 -1.897113 -2.590244
 -1.145136 -2.397863 -1.299284 -1.145136
 -0.502459 -2.071070 -13.989468 -1.313388
 -0.929540 -1.845820 -12.847937 -0.804377
 -1.098616 -1.386294 -12.388411 -0.875475
 -1.299284 -1.299284 -12.301401 -0.788466
 -13.825465 -13.825465 -0.000003 -13.825465
 -12.706860 -12.706860 -0.000009 -12.706860
 -1.386294 -1.386294 -1.386294 -1.386294
 -13.444452 -13.444452 -0.000004 -13.444452
 -1.386294 -1.386294 -1.386294 -1.386294
 -1.386294 -1.386294 -1.386294 -1.386294
 -14.523548 -14.523548 -14.523548 -0.000002
 -1.386294 -1.386294 -1.386294 -1.386294
 -1.386294 -1.386294 -1.386294 -1.386294
 -1.386294 -1.386294 -1.386294 -1.386294
 -1.386294 -1.386294 -1.386294 -1.386294
 -0.238034 -3.010613 -3.115972 -2.135150
 -0.262991 -2.877941 -3.465718 -1.939678
 -2.302525 -1.609428 -2.302525 -0.510849
 -0.587811 -2.197169 -2.197169 -1.504072
 -1.098616 -2.484873 -2.079425 -0.780166
 -0.842445 -1.661883 -14.130324 -0.968738
 -1.945889 -1.540440 -11.849426 -0.441850
 -0.916306 -0.916306 -11.512965 -1.609428
 -1.339775 -1.029622 -12.948019 -0.965084
 -1.558144 -2.538962 -1.622682 -0.667174
 -1.673974 -0.980832 -3.178012 -0.926765
 -1.386294 -1.386294 -1.386294 -1.386294
 -1.479076 -1.730388 -1.596858 -0.935462
 -0.765472 -2.151752 -2.151752 -1.196252
 -1.239692 -1.845820 -3.637496 -0.641859
 -1.193925 -1.299284 -3.496420 -0.931563
 -1.022902 -1.780584 -1.923684 -1.121342
 -1.112407 -1.725508 -2.498689 -0.889264
 -1.358124 -1.475905 -12.765699 -0.664982
 -0.916298 -1.897107 -2.995652 -0.916298
 -1.752536 -1.373049 -3.218848 -0.628611
 -1.216396 -1.098614 -2.379534 -1.280935
 -1.363305 -1.681755 -3.068012 -0.670162
 -1.609428 -1.609428 -1.609428 -0.916306
 -1.925288 -1.232144 -2.954894 -0.672530
 -1.196252 -1.276294 -2.662564 -1.053153
 -1.386294 -1.080915 -3.332161 -0.980832
 -0.441850 -2.638986 -1.945889 -1.945889
 -1.860750 -1.241714 -1.934857 -0.888893
 -1.609436 -1.714795 -2.302573 -0.653931
 -1.575535 -1.863214 -2.674130 -0.563939
 -1.609433 -1.049828 -1.897107 -1.203976
 -1.919589 -1.321756 -1.752536 -0.883503
 -1.258373 0.000100 0.000100 0.000100
 -1.722381 0.000100 0.000100 0.000100
 -1.592559 0.000100 0.000100 0.000100
 -1.097095 0.000100 0.000100 0.000100
 -1.148212 -1.747713 -1.549235 -1.216672
 -1.187280 -1.633145 -2.072426 -0.984153
 -1.145986 -1.776104 -1.626643 -1.151366
 -1.633100 -1.485575 -1.521209 -1.022048
 -1.205923 -1.742134 -1.503682 -1.193599
 -1.169687 -1.799824 -1.798475 -1.025389
 -1.161004 -1.820415 -1.647485 -1.101608
 -1.665691 -1.616966 -1.422236 -0.990837
 -1.122757 -1.692650 -1.633999 -1.219290
 -1.082224 -1.939854 -1.950049 -0.980384
 -1.164093 -1.638633 -1.638633 -1.206296
 -1.569351 -1.549775 -1.583440 -0.982815
 -0.931324 -1.868800 -18.693453 -0.794827
 -1.085709 -1.574541 -18.281534 -0.786941
 -0.871141 -1.986899 -18.283142 -0.811016
 -1.457042 -1.600992 -18.862991 -0.570258
 -18.851553 -18.851553 0.000000 -18.851553
 -18.217707 -18.217707 0.000000 -18.217707
 -1.386294 -1.386294 -1.386294 -1.386294
 -19.234541 -19.234541 0.000000 -19.234541
 -1.386294 -1.386294 -1.386294 -1.386294
 -1.386294 -1.386294 -1.386294 -1.386294
 -19.949234 -19.949234 -19.949234 0.000000
 -1.386294 -1.386294 -1.386294 -1.386294
 -1.386294 -1.386294 -1.386294 -1.386294
 -1.386294 -1.386294 -1.386294 -1.386294
 -1.386294 -1.386294 -1.386294 -1.386294
 -1.619792 -1.670923 -1.483102 -0.949191
 -1.205215 -1.725839 -1.555382 -1.167191
 -1.213201 -1.810262 -1.794184 -0.986495
 -1.178966 -1.940573 -1.367082 -1.224406
 -1.658466 -1.649679 -1.415687 -0.981633
 -0.934561 -1.463547 -18.597237 -0.978625
 -1.028066 -1.466128 -18.194532 -0.887984
 -0.933704 -1.475931 -18.456917 -0.971964
 -1.377181 -1.248227 -18.880571 -0.775012
 -1.192994 -1.777955 -1.527441 -1.169203
 -1.210768 -1.743788 -2.053898 -0.918942
 -1.386294 -1.386294 -1.386294 -1.386294
 -1.681271 -1.595109 -1.427696 -0.991242
 -1.172372 -1.786220 -1.416575 -1.272136
 -1.137335 -1.884345 -1.710704 -1.059410
 -1.170909 -1.807164 -1.443078 -1.239266
 -1.575162 -1.643360 -1.299121 -1.118023
 -1.157052 -1.765153 -1.598773 -1.163845
 -1.175623 -1.675020 -1.994393 -0.999746
 -1.133919 -1.721146 -1.626523 -1.194824
 -1.630287 -1.552272 -1.521799 -0.983388
 -1.162808 -1.781527 -1.498134 -1.219204
 -1.186859 -1.680982 -1.950292 -1.004035
 -1.135191 -1.797240 -1.645785 -1.139365
 -1.631175 -1.549574 -1.438174 -1.036761
 -1.161232 -1.803492 -1.468879 -1.231022
 -1.135640 -1.796314 -1.843034 -1.036940
 -1.124406 -1.790817 -1.503920 -1.251506
 -1.608853 -1.592745 -1.424315 -1.033266
 -1.135377 -1.783873 -1.599166 -1.175555
 -1.178473 -1.680771 -2.033441 -0.980464
 -1.131372 -1.717071 -1.619304 -1.204700
 -1.623130 -1.558379 -1.569259 -0.957000
