 -1.110637 0.000100 0.000100 0.000100
 -1.488267 0.000100 0.000100 0.000100
 -1.779878 0.000100 0.000100 0.000100
 -1.286527 0.000100 0.000100 0.000100
 -1.047521 -1.706766 -1.621608 -1.308736
 -1.110447 -1.329136 -2.833206 -1.058262
 -0.932165 -1.155308 -2.071595 -1.799663
 -1.811177 -1.367246 -1.405712 -1.089043
 -1.148284 -1.055503 -1.250563 -3.027047
 -0.778670 -1.166435 -1.775498 -2.811584
 -0.865991 -1.147403 -1.435084 -3.737639
 -1.595707 -0.794931 -1.302360 -2.607304
 -0.000001 -14.743731 -14.743731 -14.743731
 -0.000001 -14.823470 -14.823470 -14.823470
 -0.000002 -14.430698 -14.430698 -14.430698
 -0.000007 -12.923923 -12.923923 -12.923923
 -15.834406 -15.834406 -0.000000 -15.834406
 -1.386294 -1.386294 -1.386294 -1.386294
 -1.386294 -1.386294 -1.386294 -1.386294
 -1.386294 -1.386294 -1.386294 -1.386294
 -1.386294 -1.386294 -1.386294 -1.386294
 -1.386294 -1.386294 -1.386294 -1.386294
 -15.834406 -15.834406 -0.000000 -15.834406
 -1.386294 -1.386294 -1.386294 -1.386294
 -1.386294 -1.386294 -1.386294 -1.386294
 -1.386294 -1.386294 -1.386294 -1.386294
 -15.834406 -15.834406 -15.834406 -0.000000
 -1.386294 -1.386294 -1.386294 -1.386294
 -1.386294 -1.386294 -1.386294 -1.386294
 -1.386294 -1.386294 -1.386294 -1.386294
 -1.386294 -1.386294 -1.386294 -1.386294
 -0.000000 -15.834406 -15.834406 -15.834406
 -0.000000 -15.834406 -15.834406 -15.834406
 -1.386294 -1.386294 -1.386294 -1.386294
 -1.386294 -1.386294 -1.386294 -1.386294
 -1.386294 -1.386294 -1.386294 -1.386294
 -0.884273 -1.879133 -1.711410 -1.371792
 -1.386294 -1.386294 -1.386294 -1.386294
 -1.386294 -1.386294 -1.386294 -1.386294
 -1.386294 -1.386294 -1.386294 -1.386294
 -1.039313 -1.612658 -1.933130 -1.196498
 -0.853113 -2.665482 -2.799011 -0.813108
 -0.942364 -1.654557 -2.715422 -1.041455
 -1.360453 -1.818285 -1.563394 -0.989594
 -0.828323 -2.038158 -2.130532 -1.157802
 -1.082988 -1.848453 -3.052414 -0.783745
 -1.319284 -1.907068 -2.130209 -0.764975
 -1.110041 -1.838279 -2.079440 -0.950977
 -0.977147 -1.541676 -2.168130 -1.220092
 -0.777706 -1.618487 -3.100076 -1.213023
 -0.880361 -1.841767 -2.460800 -1.074516
 -1.166617 -1.715182 -2.082906 -0.956897
 -1.059670 -1.752816 -2.097656 -1.028898
 -1.084914 -1.885689 -3.184960 -0.757227
 -1.073612 -1.804496 -2.983134 -0.814102
 -1.791759 -1.280934 -1.891842 -0.904457
 -1.022171 -1.652403 -2.107877 -1.117481
 -0.825746 -1.894942 -2.950986 -1.023106
 -1.228666 -1.573505 -1.841767 -1.074516
 -1.728043 -1.482921 -1.656584 -0.904844
 -1.071944 -1.689105 -1.936940 -1.112218
 -0.985284 -2.120261 -2.238043 -0.916292
 -0.965082 -2.256060 -2.169049 -0.916292
 -1.343735 -1.749199 -1.859200 -0.893014
 -1.114117 0.000100 0.000100 0.000100
 -1.905702 0.000100 0.000100 0.000100
 -1.717651 0.000100 0.000100 0.000100
 -1.068308 0.000100 0.000100 0.000100
 -1.023391 -2.079435 -1.386294 -1.325670
 -0.882395 -2.268664 -1.287856 -1.575534
 -0.847303 -2.169040 -1.070444 -2.169040
 -1.371479 -1.806794 -1.260254 -1.208961
 -0.649348 -2.258774 -1.565634 -1.806794
 -0.860208 -1.871793 -1.466336 -1.648654
 -1.062896 -1.522425 -1.299284 -1.810105
 -1.547561 -1.077561 -1.652920 -1.365241
 -0.000004 -13.527834 -13.527834 -13.527834
 -0.000008 -12.873912 -12.873912 -12.873912
 -0.000007 -12.994539 -12.994539 -12.994539
 -0.000008 -12.821269 -12.821269 -12.821269
 -14.483342 -14.483342 -0.000002 -14.483342
 -1.386294 -1.386294 -1.386294 -1.386294
 -1.386294 -1.386294 -1.386294 -1.386294
 -1.386294 -1.386294 -1.386294 -1.386294
 -1.386294 -1.386294 -1.386294 -1.386294
 -1.386294 -1.386294 -1.386294 -1.386294
 -14.483342 -14.483342 -0.000002 -14.483342
 -1.386294 -1.386294 -1.386294 -1.386294
 -1.386294 -1.386294 -1.386294 -1.386294
 -1.386294 -1.386294 -1.386294 -1.386294
 -14.483342 -14.483342 -14.483342 -0.000002
 -1.386294 -1.386294 -1.386294 -1.386294
 -1.386294 -1.386294 -1.386294 -1.386294
 -1.386294 -1.386294 -1.386294 -1.386294
 -1.386294 -1.386294 -1.386294 -1.386294
 -0.000002 -14.483342 -14.483342 -14.483342
 -0.000002 -14.483342 -14.483342 -14.483342
 -1.386294 -1.386294 -1.386294 -1.386294
 -1.386294 -1.386294 -1.386294 -1.386294
 -1.386294 -1.386294 -1.386294 -1.386294
 -1.053492 -1.559427 -1.689480 -1.360977
 -1.386294 -1.386294 -1.386294 -1.386294
 -1.386294 -1.386294 -1.386294 -1.386294
 -1.386294 -1.386294 -1.386294 -1.386294
 -1.000634 -2.140059 -1.128467 -1.654557
 -1.148625 -1.634128 -1.410987 -1.410987
 -1.637606 -1.098615 -1.386294 -1.504076
 -2.302573 -1.427116 -1.203974 -1.021654
 -1.078812 -1.714795 -1.427116 -1.427116
 -0.916294 -1.742965 -2.590244 -1.049825
 -1.192140 -1.722764 -1.317302 -1.386294
 -1.406914 -1.589233 -1.252764 -1.326871
 -0.869040 -2.335365 -2.047687 -1.036094
 -1.637606 -1.386294 -1.637606 -1.018573
 -0.950979 -1.704745 -1.704745 -1.386294
 -1.197704 -1.485384 -2.871654 -0.879252
 -0.970781 -1.550596 -1.481604 -1.704746
 -1.252764 -1.763583 -1.252764 -1.358124
 -1.466336 -2.564915 -1.060876 -1.060876
 -1.511457 -1.386294 -1.386294 -1.275069
 -0.847301 -2.926713 -1.540444 -1.192140
 -1.265668 -1.466336 -2.054114 -1.024507
 -1.098614 -1.985909 -0.987389 -1.852379
 -1.326871 -1.945904 -1.812374 -0.847301
 -0.878553 -2.094939 -1.689478 -1.284016
 -1.060876 -1.871793 -2.564915 -0.860208
 -0.739671 -2.397879 -2.397879 -1.076142
 -1.897116 -1.529394 -2.014897 -0.693151
