 -1.227471 0.000100 0.000100 0.000100
 -1.378131 0.000100 0.000100 0.000100
 -1.859582 0.000100 0.000100 0.000100
 -1.206709 0.000100 0.000100 0.000100
 -1.134204 -1.545118 -1.612940 -1.325258
 -1.050985 -1.744131 -2.560889 -0.920365
 -0.980830 -1.360319 -1.497520 -1.932836
 -1.725510 -1.346020 -1.549619 -1.051781
 -0.932095 -1.095134 -1.500599 -3.020419
 -0.644141 -1.328629 -1.778153 -3.191838
 -0.857036 -1.053151 -1.592146 -3.761178
 -1.553958 -0.755452 -1.340385 -2.863876
 -0.000001 -15.107495 -15.107495 -15.107495
 -0.000001 -15.079638 -15.079638 -15.079638
 -0.000001 -14.576319 -14.576319 -14.576319
 -0.000007 -12.994539 -12.994539 -12.994539
 -16.093803 -16.093803 -0.000000 -16.093803
 -1.386294 -1.386294 -1.386294 -1.386294
 -1.386294 -1.386294 -1.386294 -1.386294
 -1.386294 -1.386294 -1.386294 -1.386294
 -1.386294 -1.386294 -1.386294 -1.386294
 -1.386294 -1.386294 -1.386294 -1.386294
 -16.093803 -16.093803 -0.000000 -16.093803
 -1.386294 -1.386294 -1.386294 -1.386294
 -1.386294 -1.386294 -1.386294 -1.386294
 -1.386294 -1.386294 -1.386294 -1.386294
 -16.093803 -16.093803 -16.093803 -0.000000
 -1.386294 -1.386294 -1.386294 -1.386294
 -1.386294 -1.386294 -1.386294 -1.386294
 -1.386294 -1.386294 -1.386294 -1.386294
 -1.386294 -1.386294 -1.386294 -1.386294
 -0.000000 -16.093803 -16.093803 -16.093803
 -16.093803 -1.150121 -2.063181 -0.586353
 -1.386294 -1.386294 -1.386294 -1.386294
 -1.386294 -1.386294 -1.386294 -1.386294
 -1.386294 -1.386294 -1.386294 -1.386294
 -1.386294 -1.386294 -1.386294 -1.386294
 -1.118221 -2.044461 -2.019768 -0.889155
 -1.082613 -1.929907 -1.601405 -1.156721
 -1.120960 -2.138225 -1.221936 -1.341282
 -1.193610 -1.742969 -2.302583 -0.863047
 -0.815038 -2.606789 -2.501429 -0.912202
 -1.342998 -1.636345 -2.376010 -0.795563
 -1.426035 -1.838279 -1.838279 -0.817446
 -0.912776 -1.798826 -2.281676 -1.105680
 -0.985058 -2.229378 -3.453140 -0.718791
 -1.029621 -2.415907 -2.639048 -0.729517
 -1.216692 -1.727517 -1.934131 -0.963601
 -1.334410 -1.441019 -2.212126 -0.940244
 -1.052703 -1.868450 -3.212173 -0.784440
 -0.971169 -1.801514 -2.688808 -0.945851
 -1.478500 -1.536997 -2.127195 -0.825939
 -1.208961 -1.547935 -2.332888 -0.937027
 -1.252763 -2.017367 -2.674144 -0.668816
 -0.926764 -1.345473 -2.954894 -1.232144
 -1.582898 -1.398595 -2.142513 -0.843232
 -1.178655 -1.535330 -2.193384 -1.006805
 -1.172721 -1.850599 -2.708045 -0.762141
 -0.921683 -2.047689 -2.134699 -1.036093
 -1.628998 -1.360008 -2.152246 -0.841664
 -1.241421 -1.546802 -1.961235 -1.028860
 -1.158332 -2.197222 -2.560126 -0.697991
 -1.014056 -1.629239 -2.060020 -1.159238
 -1.319284 -1.594695 -1.697349 -1.059773
 -1.361172 0.000100 0.000100 0.000100
 -1.793718 0.000100 0.000100 0.000100
 -1.661658 0.000100 0.000100 0.000100
 -0.948103 0.000100 0.000100 0.000100
 -1.211636 -1.984823 -1.091008 -1.474000
 -1.146815 -1.957741 -1.498212 -1.146815
 -1.316615 -2.009758 -1.140725 -1.278875
 -1.210730 -2.152771 -1.113880 -1.356441
 -1.188639 -1.616082 -1.353718 -1.433761
 -1.245217 -1.481604 -1.417066 -1.417066
 -0.925770 -1.701607 -1.355332 -1.810806
 -1.860751 -1.349927 -1.537978 -0.993253
 -0.000002 -14.214290 -14.214290 -14.214290
 -0.000003 -13.901692 -13.901692 -13.901692
 -0.000002 -14.038657 -14.038657 -14.038657
 -0.000003 -14.062374 -14.062374 -14.062374
 -15.446711 -15.446711 -0.000001 -15.446711
 -1.386294 -1.386294 -1.386294 -1.386294
 -1.386294 -1.386294 -1.386294 -1.386294
 -1.386294 -1.386294 -1.386294 -1.386294
 -1.386294 -1.386294 -1.386294 -1.386294
 -1.386294 -1.386294 -1.386294 -1.386294
 -15.446711 -15.446711 -0.000001 -15.446711
 -1.386294 -1.386294 -1.386294 -1.386294
 -1.386294 -1.386294 -1.386294 -1.386294
 -1.386294 -1.386294 -1.386294 -1.386294
 -15.446711 -15.446711 -15.446711 -0.000001
 -1.386294 -1.386294 -1.386294 -1.386294
 -1.386294 -1.386294 -1.386294 -1.386294
 -1.386294 -1.386294 -1.386294 -1.386294
 -1.386294 -1.386294 -1.386294 -1.386294
 -0.000001 -15.446711 -15.446711 -15.446711
 -15.446711 -1.316389 -1.245937 -0.811420
 -1.386294 -1.386294 -1.386294 -1.386294
 -1.386294 -1.386294 -1.386294 -1.386294
 -1.386294 -1.386294 -1.386294 -1.386294
 -1.386294 -1.386294 -1.386294 -1.386294
 -1.282395 -1.624143 -2.029607 -0.930998
 -0.831551 -1.556445 -2.157216 -1.435084
 -1.417617 -1.736070 -1.417617 -1.081145
 -1.085955 -1.920750 -1.472727 -1.249584
 -1.058608 -1.812377 -1.812377 -1.119233
 -1.003304 -2.420360 -1.167606 -1.455287
 -1.528468 -1.853890 -1.261840 -1.068937
 -1.199709 -2.105414 -1.494508 -1.042524
 -0.994624 -1.725508 -1.517870 -1.457246
 -1.180626 -1.899746 -1.317827 -1.288839
 -1.577689 -1.517064 -1.259236 -1.236763
 -0.916292 -2.411779 -1.450373 -1.287855
 -1.498212 -1.264598 -1.957741 -1.041455
 -0.834462 -1.724317 -1.601715 -1.681758
 -1.558144 -1.527373 -1.360319 -1.152680
 -1.174120 -1.640209 -1.193923 -1.640209
 -1.036093 -1.967647 -1.967647 -1.006240
 -0.739240 -1.819157 -1.819157 -1.618487
 -1.820331 -1.659989 -1.127186 -1.127186
 -1.268512 -1.817076 -1.337504 -1.225027
 -1.132515 -1.791757 -1.934857 -1.003304
 -1.106518 -1.848453 -1.410200 -1.317827
 -1.853316 -1.371479 -1.342492 -1.113651
 -1.182312 -1.924247 -1.182312 -1.423473
 -0.998530 -1.988924 -1.781286 -1.119891
 -0.989129 -2.156729 -1.428495 -1.299283
 -1.399033 -1.730389 -1.425009 -1.092304
