 -1.066625 0.000100 0.000100 0.000100
 -1.624852 0.000100 0.000100 0.000100
 -2.521910 0.000100 0.000100 0.000100
 -0.971315 0.000100 0.000100 0.000100
 -1.034074 -1.455287 -2.795055 -1.049823
 -1.138222 -1.456675 -3.025275 -0.921158
 -1.172722 -1.252764 -2.128221 -1.252764
 -1.083575 -2.069389 -1.791758 -0.997808
 -0.971458 -1.649788 -3.230227 -0.942044
 -1.499234 -1.499234 -1.995668 -0.873530
 -1.098614 -1.591087 -2.043067 -1.098614
 -1.181304 -1.715386 -2.246012 -0.897942
 -1.141696 -1.556639 -2.547033 -0.937601
 -1.257677 -1.533930 -2.322381 -0.911402
 -1.163152 -1.098614 -1.925285 -1.568614
 -1.042260 -1.695132 -2.288193 -1.015231
 -1.092748 -1.422226 -2.650886 -1.041455
 -1.183170 -1.490654 -2.512298 -0.948331
 -1.223777 -1.159238 -1.734598 -1.533929
 -1.125139 -1.851075 -1.884976 -1.003779
 -0.919272 -1.865866 -2.639051 -0.980830
 -1.252763 -1.540444 -2.010446 -1.004928
 -1.438480 -1.679640 -1.774949 -0.899486
 -1.087802 -1.956838 -2.219201 -0.884203
 -1.005904 -1.527200 -3.555330 -0.945279
 -1.287855 -1.575535 -1.980998 -0.969402
 -1.209839 -1.645154 -2.433600 -0.865000
 -1.257677 -1.734600 -2.140064 -0.863773
 -1.161925 -1.797912 -3.014299 -0.749946
 -1.302525 -1.415853 -1.862138 -1.108369
 -1.343735 -1.526055 -1.882726 -0.995431
 -1.381566 -1.480657 -1.984561 -0.957410
 -1.057791 -1.750936 -3.583497 -0.795427
 -1.299283 -1.522426 -1.810107 -1.062895
 -1.098614 -1.386294 -2.014897 -1.261132
 -1.604664 -1.908346 -1.941135 -0.678896
 -1.004584 -1.521839 -3.009905 -1.004584
 -1.258041 -1.375823 -2.356645 -0.998530
 -1.049824 -1.609436 -2.148427 -1.098614
 -1.293401 -1.591893 -1.894173 -0.989719
 -1.080264 -2.091861 -3.478141 -0.680878
 -1.013817 -1.591893 -2.242476 -1.116471
 -0.998531 -1.558143 -2.656739 -1.047321
 -1.423632 -1.491073 -2.116777 -0.882826
 -1.287088 -1.510231 -2.791157 -0.817085
 -1.493925 -1.217672 -2.282377 -0.974051
 -1.145134 -1.838274 -2.174741 -0.893821
 -1.377162 -1.646825 -1.858133 -0.918588
 -0.961412 -1.821611 -3.814012 -0.835119
 -1.791758 -1.302212 -1.963607 -0.864999
 -1.133100 -1.679640 -2.285768 -0.942046
 -1.755057 -1.677096 -1.782456 -0.750856
 -1.082988 -2.010971 -3.745544 -0.685306
 -1.425515 -1.648657 -2.159480 -0.794245
 -1.277661 -1.712976 -2.164956 -0.852780
 -2.041219 -1.453434 -2.075120 -0.671734
 -1.412727 -1.749198 -4.051738 -0.570547
 -1.580450 -1.489478 -2.322381 -0.753774
 -1.366876 -1.366876 -2.545514 -0.887306
 -1.414129 -1.570971 -1.985914 -0.887304
 -1.182696 -1.875841 -14.030625 -0.615591
 -1.324052 -1.600305 -1.918757 -0.953680
 -1.629238 -1.366876 -1.734598 -0.987389
 -1.715263 -1.525220 -2.042475 -0.749077
 -1.455287 -1.843051 -4.787395 -0.510828
 -1.527944 -1.229452 -1.955386 -1.052522
 -1.252764 -1.192140 -2.079434 -1.252764
 -1.552971 -1.656155 -1.958435 -0.784317
 -1.474847 -1.592630 -13.981029 -0.565994
 -1.326191 -1.469291 -2.088327 -0.966189
 -1.335001 -1.558143 -2.251282 -0.865000
 -1.630944 -1.196906 -2.515143 -0.864466
 -1.057114 -1.635189 -13.981029 -0.781702
 -1.594512 -1.129150 -2.325395 -0.978327
 -1.265668 -1.098615 -2.970375 -1.098615
 -1.579837 -1.340165 -2.359993 -0.826066
 -1.317827 -1.511982 -14.054530 -0.669801
 -1.574346 -1.070442 -2.543741 -0.990400
 -1.126014 -1.819153 -2.224609 -0.902872
 -1.725509 -1.346021 -2.750009 -0.697725
 -1.740465 -1.740465 -3.637556 -0.473521
 -1.676376 -1.196805 -2.101258 -0.945491
 -1.421385 -1.980990 -1.575534 -0.882395
 -2.306741 -1.390452 -2.349300 -0.586958
 -1.348073 -1.510591 -13.554151 -0.654929
 -1.402295 -1.098613 -2.438381 -1.098613
 -1.812374 -1.406913 -3.891728 -0.559620
 -2.424062 -2.344020 -3.656196 -0.236144
 -0.393492 -1.933930 -4.418746 -1.779781
 -1.173514 -1.483668 -1.630271 -1.316615
 -0.865006 -2.251263 -2.944360 -0.865006
 -1.518063 -1.909542 -1.791759 -0.763464
 -1.277304 -14.316288 -4.412751 -0.343773
 -1.597602 -13.641162 -3.332176 -0.271937
 -1.832578 -13.527834 -4.317393 -0.190357
 -2.585250 -14.503647 -5.293207 -0.083820
 -0.000003 -13.710155 -13.710155 -13.710155
 -1.386294 -1.386294 -1.386294 -1.386294
 -0.000043 -11.156308 -11.156308 -11.156308
 -0.000001 -15.264781 -15.264781 -15.264781
 -15.469923 -15.469923 -0.000001 -15.469923
 -1.386294 -1.386294 -1.386294 -1.386294
 -1.386294 -1.386294 -1.386294 -1.386294
 -1.386294 -1.386294 -1.386294 -1.386294
 -1.386294 -1.386294 -1.386294 -1.386294
 -1.386294 -1.386294 -1.386294 -1.386294
 -1.203336 -1.674614 -0.951314 -2.069926
 -1.386294 -1.386294 -1.386294 -1.386294
 -1.500897 -1.559738 -2.223029 -0.779581
 -1.812377 -1.183771 -1.589234 -1.119233
 -1.396245 -1.337976 -2.130212 -0.990780
 -2.803341 -2.110207 -1.054162 -0.755670
 -1.016375 -1.188225 -1.945907 -1.658227
 -1.182696 -1.354546 -1.824548 -1.293921
 -1.597602 -0.767257 -2.484897 -1.386294
 -1.518466 -1.562918 -1.252763 -1.252763
 -1.174673 0.000100 0.000100 0.000100
 -1.486427 0.000100 0.000100 0.000100
 -1.591719 0.000100 0.000100 0.000100
 -1.341989 0.000100 0.000100 0.000100
 -1.433601 -1.469169 -1.130161 -1.568040
 -1.360356 -1.112992 -1.524774 -1.623608
 -1.439647 -1.110406 -1.493444 -1.565586
 -1.855725 -1.275220 -1.131008 -1.420542
 -1.130047 -1.573631 -1.481859 -1.416854
 -1.110154 -1.568485 -1.352131 -1.592371
 -1.291487 -1.313073 -1.240347 -1.790586
 -1.635276 -1.402780 -1.238799 -1.311346
 -1.017594 -1.623046 -1.715769 -1.341649
 -1.148206 -1.467609 -1.554938 -1.422476
 -1.060093 -1.353188 -1.623385 -1.619835
 -1.514640 -1.445187 -1.437861 -1.180987
 -1.460539 -1.501493 -1.125432 -1.511497
 -1.380402 -1.091707 -1.501737 -1.660013
 -1.436093 -1.090170 -1.515253 -1.578750
 -1.806303 -1.318340 -1.157504 -1.370851
 -1.143922 -1.564470 -1.456075 -1.430939
 -1.078965 -1.559924 -1.384972 -1.611590
 -1.295183 -1.339299 -1.257078 -1.716808
 -1.644010 -1.405935 -1.208042 -1.336070
 -1.031100 -1.639465 -1.727940 -1.303235
 -1.161901 -1.512790 -1.568334 -1.353160
 -1.062414 -1.388579 -1.622157 -1.572732
 -1.555609 -1.458161 -1.412782 -1.162158
 -1.442280 -1.485723 -1.141987 -1.522851
 -1.333828 -1.151109 -1.442997 -1.692665
 -1.416522 -1.077087 -1.556142 -1.580320
 -1.802965 -1.368481 -1.102755 -1.391339
 -1.129014 -1.571490 -1.485229 -1.416910
 -1.091376 -1.560173 -1.355200 -1.628363
 -1.310693 -1.314395 -1.257923 -1.728862
 -1.648095 -1.397407 -1.213042 -1.335391
 -1.005632 -1.615235 -1.721149 -1.360696
 -1.117584 -1.557245 -1.573506 -1.366892
 -1.075204 -1.414044 -1.562320 -1.580049
 -1.519485 -1.512571 -1.349462 -1.199141
 -1.404834 -1.529000 -1.133300 -1.533076
 -1.376047 -1.125582 -1.484527 -1.627847
 -1.434198 -1.077989 -1.551516 -1.563089
 -1.847435 -1.342746 -1.072437 -1.431050
 -1.107876 -1.607763 -1.470186 -1.429109
 -1.088879 -1.553686 -1.342415 -1.656922
 -1.305031 -1.317919 -1.237259 -1.766293
 -1.596102 -1.427405 -1.216612 -1.342653
 -0.993707 -1.666845 -1.673759 -1.372724
 -1.124257 -1.497818 -1.557537 -1.423645
 -1.010085 -1.450914 -1.621470 -1.590380
 -1.494267 -1.482491 -1.401024 -1.196762
 -1.477552 -1.508735 -1.080476 -1.555040
 -1.373877 -1.100769 -1.507530 -1.646077
 -1.448720 -1.124363 -1.485798 -1.542021
 -1.831306 -1.352632 -1.038778 -1.481264
 -1.147403 -1.559647 -1.482119 -1.405788
 -1.082144 -1.606393 -1.314707 -1.650422
 -1.314852 -1.306582 -1.240574 -1.763031
 -1.667442 -1.437297 -1.151943 -1.356038
 -0.989505 -1.652720 -1.632968 -1.421457
 -1.183730 -1.431648 -1.561796 -1.405716
 -1.004538 -1.402382 -1.648387 -1.632625
 -1.496362 -1.397644 -1.437832 -1.232934
 -1.435923 -1.503788 -1.086688 -1.597085
 -1.415918 -1.122157 -1.401722 -1.684441
 -1.413366 -1.076230 -1.513058 -1.631870
 -1.820621 -1.357106 -1.087952 -1.411552
 -1.121872 -1.634210 -1.462758 -1.395831
 -1.042657 -1.632349 -1.362420 -1.629778
 -1.354446 -1.276267 -1.235215 -1.759911
 -1.643924 -1.367711 -1.244324 -1.331977
 -0.974576 -1.676434 -1.722079 -1.359015
 -1.179210 -1.527954 -1.597212 -1.298141
 -1.035376 -1.372736 -1.652165 -1.610138
 -1.518580 -1.485276 -1.435477 -1.150319
 -1.472670 -1.450056 -1.122944 -1.556798
 -1.419353 -1.022714 -1.501742 -1.738576
 -1.487977 -1.047623 -1.520560 -1.585668
 -1.903849 -1.287152 -1.078159 -1.449324
 -1.135499 -1.570439 -1.411720 -1.482538
 -1.061381 -1.641069 -1.325437 -1.636999
 -1.400507 -1.318111 -1.144101 -1.787502
 -1.622113 -1.449904 -1.161263 -1.367136
 -0.989121 -1.682715 -1.673810 -1.367682
 -1.205905 -1.427668 -1.615869 -1.339436
 -1.033062 -1.352033 -1.582158 -1.715690
 -1.576180 -1.415309 -1.423755 -1.172546
 -1.427756 -1.419173 -1.034683 -1.814615
 -1.406998 -1.020772 -1.410318 -1.892195
 -1.463165 -1.036360 -1.565262 -1.586108
 -1.886158 -1.225487 -1.098042 -1.508649
 -0.732858 -17.654747 -1.158216 -1.582696
 -0.632757 -17.993277 -0.970963 -2.406209
 -0.904428 -17.956261 -0.719424 -2.223828
 -1.090212 -17.482145 -0.844065 -1.452880
 0.000000 -18.375370 -18.375370 -18.375370
 -1.386294 -1.386294 -1.386294 -1.386294
 0.000000 -18.278311 -18.278311 -18.278311
 0.000000 -17.261681 -17.261681 -17.261681
 -19.179991 -19.179991 0.000000 -19.179991
 -1.386294 -1.386294 -1.386294 -1.386294
 -1.386294 -1.386294 -1.386294 -1.386294
 -1.386294 -1.386294 -1.386294 -1.386294
 -1.386294 -1.386294 -1.386294 -1.386294
 -1.386294 -1.386294 -1.386294 -1.386294
 -1.302142 -1.349178 -1.386107 -1.520735
 -1.386294 -1.386294 -1.386294 -1.386294
 -0.976308 -1.759753 -1.697717 -1.316350
 -1.149678 -1.498412 -1.585203 -1.367001
 -0.894629 -1.452644 -1.760256 -1.685838
 -1.544164 -1.622369 -1.286517 -1.162038
 -1.423171 -1.475784 -1.069296 -1.675568
 -1.268184 -1.217898 -1.401600 -1.733846
 -1.448281 -1.114156 -1.466791 -1.579058
 -1.834335 -1.266505 -1.121182 -1.458560
