 -1.171752 0.000100 0.000100 0.000100
 -1.541285 0.000100 0.000100 0.000100
 -2.155294 0.000100 0.000100 0.000100
 -1.021092 0.000100 0.000100 0.000100
 -0.972733 -1.791759 -2.797276 -0.930621
 -1.422226 -1.374598 -2.044754 -0.976916
 -1.025282 -1.577349 -2.123888 -1.154494
 -1.156182 -1.685699 -1.894791 -1.050822
 -1.049267 -1.488633 -3.064163 -0.974366
 -1.079565 -1.523495 -2.651954 -0.989414
 -1.375365 -1.466337 -1.871799 -1.014353
 -1.105533 -1.819733 -1.841239 -1.054761
 -0.867865 -1.854771 -2.572609 -1.057485
 -1.337504 -1.491655 -2.184799 -0.916292
 -0.984855 -1.585626 -2.020941 -1.240787
 -1.284400 -1.555553 -1.816278 -1.051307
 -1.141338 -1.511711 -3.087240 -0.880807
 -1.305756 -1.379864 -1.952381 -1.092182
 -1.163152 -1.428854 -2.166448 -1.098613
 -1.192139 -1.763588 -2.108428 -0.907402
 -0.879627 -1.723596 -3.182204 -1.007461
 -1.273817 -1.597603 -2.290747 -0.875470
 -1.037245 -1.536234 -2.289999 -1.111353
 -1.234949 -1.716251 -1.646047 -1.088856
 -0.990982 -1.532898 -3.178046 -0.990982
 -1.242747 -1.569959 -2.170730 -0.943504
 -1.142098 -1.324419 -2.145395 -1.211091
 -1.548608 -1.652149 -1.830840 -0.831169
 -0.969401 -1.733165 -3.367285 -0.892861
 -1.273817 -1.460402 -1.791758 -1.134980
 -1.110448 -1.609437 -2.363202 -0.976917
 -1.363894 -1.841520 -1.972140 -0.806088
 -1.082219 -1.597117 -3.004024 -0.893818
 -1.051782 -1.805551 -2.093232 -1.013316
 -1.133705 -1.374866 -2.068008 -1.207812
 -1.383165 -1.560498 -2.127604 -0.867352
 -1.115350 -1.771224 -3.086894 -0.784317
 -1.504077 -1.504077 -2.043072 -0.853491
 -1.150573 -1.479076 -2.423528 -1.002154
 -1.523495 -1.523495 -2.079440 -0.823023
 -1.210404 -1.699951 -3.391616 -0.722418
 -1.430188 -1.201930 -2.049226 -1.104767
 -1.871799 -1.523495 -2.410789 -0.619042
 -1.732670 -1.499739 -1.873252 -0.806592
 -1.207812 -1.693319 -2.674143 -0.802347
 -1.286474 -1.306677 -2.559435 -0.978990
 -1.181501 -1.299283 -2.397887 -1.110042
 -1.968965 -1.491338 -1.890494 -0.724988
 -1.397594 -1.780585 -3.390010 -0.596817
 -1.430746 -1.244644 -2.506881 -0.938270
 -1.421386 -1.330414 -2.386459 -0.910562
 -1.911718 -1.580864 -1.836211 -0.719581
 -1.290984 -1.609437 -4.381979 -0.668456
 -1.487270 -1.369487 -2.231708 -0.885691
 -1.252764 -1.486377 -2.821364 -0.847300
 -2.009554 -1.346867 -1.861135 -0.797615
 -1.150573 -2.172220 -3.676278 -0.608249
 -1.501490 -1.412543 -2.127194 -0.880664
 -1.597602 -1.386294 -1.540444 -1.098614
 -1.663814 -1.476603 -1.991501 -0.808149
 -1.249958 -1.598264 -5.181686 -0.681975
 -2.128229 -1.317302 -1.905087 -0.767256
 -1.324419 -1.407800 -2.597374 -0.879735
 -2.019148 -1.487270 -2.231709 -0.627551
 -1.561647 -1.497108 -4.269650 -0.593398
 -1.882730 -1.244644 -2.036880 -0.845489
 -2.065450 -1.084628 -2.470909 -0.796946
 -1.732919 -1.448815 -1.974080 -0.799631
 -1.784485 -1.282395 -4.919884 -0.602494
 -1.479626 -1.247825 -2.012429 -1.045588
 -1.421386 -1.170072 -2.386459 -1.031922
 -2.016262 -1.040549 -2.079440 -0.945239
 -1.350955 -1.270913 -4.934377 -0.791340
 -1.422516 -1.189584 -2.237550 -1.056053
 -1.039425 -0.972734 -3.713527 -1.410987
 -1.742969 -1.302413 -1.961658 -0.885520
 -1.291984 -1.353859 -14.414350 -0.761356
 -1.312186 -1.265667 -2.319824 -1.048602
 -1.427116 -0.883503 -2.931174 -1.226446
 -2.247995 -1.022385 -2.279744 -0.838536
 -2.321158 -2.608838 -5.093653 -0.195912
 -2.588947 -1.772189 -3.587467 -0.318455
 -2.674130 -1.980996 -3.367253 -0.276258
 -3.060265 -2.212971 -3.060265 -0.227058
 -13.199332 -13.199332 -13.199332 -0.000006
 -13.795312 -13.795312 -13.795312 -0.000003
 -12.429233 -12.429233 -12.429233 -0.000012
 -15.635210 -15.635210 -15.635210 -0.000000
 -1.386294 -1.386294 -1.386294 -1.386294
 -1.386294 -1.386294 -1.386294 -1.386294
 -1.386294 -1.386294 -1.386294 -1.386294
 -1.779243 -1.779243 -0.868941 -1.414393
 -14.108183 -0.000002 -14.108183 -14.108183
 -14.108183 -0.000002 -14.108183 -14.108183
 -15.018484 -0.000001 -15.018484 -15.018484
 -14.473033 -0.000002 -14.473033 -14.473033
 -1.386294 -1.386294 -1.386294 -1.386294
 -0.000000 -15.887424 -15.887424 -15.887424
 -1.386294 -1.386294 -1.386294 -1.386294
 -1.386294 -1.386294 -1.386294 -1.386294
 -15.887424 -15.887424 -0.000000 -15.887424
 -1.386294 -1.386294 -1.386294 -1.386294
 -1.386294 -1.386294 -1.386294 -1.386294
 -1.386294 -1.386294 -1.386294 -1.386294
 -1.386294 -1.386294 -1.386294 -1.386294
 -1.386294 -1.386294 -1.386294 -1.386294
 -1.159631 -1.601910 -1.167695 -1.749830
 -1.386294 -1.386294 -1.386294 -1.386294
 -1.283347 -1.756252 -1.646251 -1.028817
 -1.519825 -1.578666 -1.519825 -1.032123
 -1.431851 -1.350505 -2.012879 -0.998529
 -1.931519 -1.493266 -1.213682 -1.098613
 -1.166435 -1.258243 -2.031430 -1.297463
 -1.270463 -1.452784 -1.530745 -1.313022
 -1.760408 -0.929112 -1.688949 -1.392684
 -1.656462 -1.275999 -1.081099 -1.656462
 -1.277143 0.000100 0.000100 0.000100
 -1.415909 0.000100 0.000100 0.000100
 -1.493252 0.000100 0.000100 0.000100
 -1.371125 0.000100 0.000100 0.000100
 -1.540445 -1.350401 -1.258594 -1.416651
 -1.425210 -1.046556 -1.607531 -1.570144
 -1.363867 -1.102745 -1.439217 -1.741497
 -1.975541 -1.262850 -1.096789 -1.408435
 -1.392910 -1.375365 -1.308113 -1.475906
 -1.182856 -1.350362 -1.436305 -1.626348
 -1.439974 -1.079630 -1.425376 -1.698669
 -1.742366 -1.365417 -1.157261 -1.365417
 -1.091136 -1.524931 -1.663401 -1.358541
 -1.032619 -1.421861 -1.773622 -1.456952
 -1.263420 -1.282348 -1.526410 -1.502312
 -1.798316 -1.300737 -1.173223 -1.375460
 -1.460525 -1.413693 -1.202384 -1.495371
 -1.414307 -1.003805 -1.578610 -1.691939
 -1.438938 -1.048602 -1.494508 -1.671131
 -1.687555 -1.361555 -1.127940 -1.447883
 -1.396657 -1.355835 -1.363867 -1.430559
 -1.104795 -1.485000 -1.400259 -1.631245
 -1.290034 -1.328749 -1.228665 -1.788281
 -1.742019 -1.340783 -1.251655 -1.283154
 -1.045834 -1.570015 -1.754019 -1.318701
 -0.986998 -1.559067 -1.650875 -1.491245
 -1.139004 -1.459476 -1.437497 -1.560730
 -1.544765 -1.495494 -1.311571 -1.227230
 -1.471194 -1.392125 -1.131112 -1.613808
 -1.369487 -1.153033 -1.447449 -1.635190
 -1.519213 -1.087940 -1.529065 -1.480746
 -1.871802 -1.358541 -1.052775 -1.426491
 -1.158831 -1.462736 -1.399366 -1.571216
 -1.194248 -1.338591 -1.402715 -1.666404
 -1.480960 -1.077862 -1.360815 -1.738371
 -1.806993 -1.367042 -1.120448 -1.367042
 -1.075167 -1.741927 -1.784486 -1.152984
 -0.980271 -1.532105 -1.914580 -1.342061
 -1.155873 -1.412728 -1.456530 -1.566878
 -1.767011 -1.366001 -1.509788 -1.041075
 -1.446544 -1.304293 -1.245295 -1.582809
 -1.299982 -1.247536 -1.431318 -1.603168
 -1.507733 -1.091340 -1.433626 -1.587776
 -1.749614 -1.334670 -1.227425 -1.309824
 -1.274742 -1.312482 -1.443818 -1.535626
 -1.128318 -1.327872 -1.538820 -1.625831
 -1.430277 -1.102061 -1.394937 -1.710790
 -1.609438 -1.225026 -1.268511 -1.491655
 -1.107439 -1.616492 -1.598948 -1.313443
 -0.998529 -1.628762 -1.636925 -1.423667
 -1.163532 -1.279792 -1.590569 -1.581267
 -1.477049 -1.447490 -1.354831 -1.278198
 -1.577735 -1.356011 -1.058435 -1.666682
 -1.421975 -1.160269 -1.465650 -1.539758
 -1.442552 -1.055779 -1.480292 -1.670336
 -1.780586 -1.345922 -1.065460 -1.484605
 -1.270463 -1.270463 -1.478102 -1.558144
 -1.036673 -1.408912 -1.497708 -1.729820
 -1.515127 -1.081491 -1.263813 -1.841649
 -1.554175 -1.290984 -1.307651 -1.413946
 -1.016329 -1.589064 -1.846398 -1.286783
 -1.065196 -1.506507 -1.558954 -1.499235
 -1.055362 -1.299897 -1.633670 -1.691939
 -1.646252 -1.292080 -1.517419 -1.160744
 -1.517149 -1.459626 -1.142867 -1.472126
 -1.273242 -1.193730 -1.567844 -1.567844
 -1.301672 -1.061137 -1.681162 -1.631151
 -1.717111 -1.280556 -1.135190 -1.508814
 -1.299283 -1.263692 -1.499149 -1.508038
 -1.155964 -1.313593 -1.538262 -1.601274
 -1.475040 -1.044636 -1.437861 -1.703882
 -1.713368 -1.261384 -1.160579 -1.499795
 -1.098612 -1.566420 -1.770019 -1.246373
 -0.943128 -1.677096 -1.537335 -1.566748
 -1.167334 -1.332727 -1.471410 -1.632471
 -1.395344 -1.422996 -1.404477 -1.325140
 -1.256310 -1.555669 -1.139080 -1.692081
 -1.377995 -1.225026 -1.403101 -1.568616
 -1.397200 -1.329377 -1.432918 -1.388466
 -1.772416 -1.303851 -1.138458 -1.434304
 -1.361742 -1.361742 -1.431268 -1.392047
 -1.059462 -1.436538 -1.575536 -1.566803
 -1.383063 -0.897060 -1.811368 -1.726008
 -1.657693 -1.183485 -1.384155 -1.375645
 -15.554221 -15.554221 -15.554221 -0.000001
 -15.702580 -15.702580 -15.702580 -0.000000
 -15.335025 -15.335025 -15.335025 -0.000001
 -15.369436 -15.369436 -15.369436 -0.000001
 -1.386294 -1.386294 -1.386294 -1.386294
 -1.386294 -1.386294 -1.386294 -1.386294
 -1.386294 -1.386294 -1.386294 -1.386294
 -1.940828 -1.247681 -1.004103 -1.595182
 -14.946914 -0.000001 -14.946914 -14.946914
 -15.640060 -0.000001 -15.640060 -15.640060
 -15.883639 -0.000000 -15.883639 -15.883639
 -15.292561 -0.000001 -15.292561 -15.292561
 -1.386294 -1.386294 -1.386294 -1.386294
 0.000000 -16.887741 -16.887741 -16.887741
 -1.386294 -1.386294 -1.386294 -1.386294
 -1.386294 -1.386294 -1.386294 -1.386294
 -16.887741 -16.887741 -0.000000 -16.887741
 -1.386294 -1.386294 -1.386294 -1.386294
 -1.386294 -1.386294 -1.386294 -1.386294
 -1.386294 -1.386294 -1.386294 -1.386294
 -1.386294 -1.386294 -1.386294 -1.386294
 -1.386294 -1.386294 -1.386294 -1.386294
 -1.442990 -1.052008 -1.615944 -1.533215
 -1.386294 -1.386294 -1.386294 -1.386294
 -0.971721 -1.839961 -1.691116 -1.278584
 -1.064711 -1.655579 -1.531642 -1.394284
 -1.071025 -1.282333 -1.784790 -1.550597
 -1.910079 -1.701534 -1.216932 -0.985131
 -1.443189 -1.449538 -1.094138 -1.638249
 -1.307867 -1.209427 -1.273965 -1.887069
 -1.358837 -1.102904 -1.392739 -1.815595
 -1.752150 -1.337023 -1.049341 -1.542692
