 -1.080702 0.000100 0.000100 0.000100
 -1.615480 0.000100 0.000100 0.000100
 -2.318779 0.000100 0.000100 0.000100
 -1.012103 0.000100 0.000100 0.000100
 -0.986765 -1.368699 -2.827306 -1.159607
 -1.161133 -1.459625 -1.761905 -1.262916
 -1.252764 -1.694593 -1.812374 -1.001451
 -0.881010 -1.764509 -2.107452 -1.228205
 -0.865682 -1.520606 -2.811584 -1.202153
 -1.108092 -1.718999 -2.360848 -0.925771
 -1.558143 -1.152681 -2.097134 -1.047321
 -1.412963 -1.497520 -1.845825 -0.980830
 -1.343735 -1.555043 -3.135482 -0.724697
 -1.490654 -1.183170 -2.630080 -0.925342
 -1.754016 -1.466336 -1.754016 -0.860204
 -1.000173 -1.725067 -2.214613 -1.064711
 -0.916292 -1.609437 -3.149869 -1.029620
 -1.377326 -1.243795 -2.070469 -1.098613
 -1.276294 -1.196252 -2.374890 -1.122145
 -1.329136 -1.533930 -1.884132 -1.000633
 -1.059392 -1.832580 -3.064713 -0.805944
 -1.206826 -1.394878 -1.989582 -1.151257
 -1.368276 -0.962813 -3.314143 -1.116963
 -1.299283 -1.615135 -1.912386 -0.965792
 -0.893073 -1.602748 -2.701354 -1.132746
 -1.324052 -1.472472 -1.983295 -1.002470
 -1.533929 -1.159238 -2.545514 -0.936096
 -1.435084 -1.552867 -1.745239 -0.979068
 -1.071584 -1.725509 -3.191833 -0.824725
 -1.490654 -1.045970 -1.876315 -1.308333
 -1.293922 -1.419084 -1.929905 -1.082614
 -1.380723 -1.358745 -2.242944 -0.953280
 -1.048781 -1.624143 -2.840530 -0.930998
 -1.578185 -1.122711 -2.128228 -1.052093
 -1.985909 -1.159238 -2.545514 -0.753775
 -1.364788 -1.526056 -2.036880 -0.924477
 -0.980830 -1.519825 -4.158836 -0.940008
 -1.729238 -1.131403 -2.112228 -0.970135
 -1.098614 -1.292769 -2.322376 -1.223777
 -1.839011 -1.535330 -2.094944 -0.688033
 -1.215337 -1.679641 -3.161230 -0.745335
 -1.562184 -1.419084 -2.181220 -0.831299
 -1.631414 -1.120593 -2.730005 -0.884206
 -1.736189 -1.395864 -2.051269 -0.803814
 -1.176322 -1.628305 -3.063375 -0.801629
 -1.521026 -1.345136 -2.214170 -0.887304
 -1.589233 -0.947384 -1.812374 -1.406913
 -1.693599 -1.173066 -1.973183 -1.000453
 -1.234745 -1.333185 -4.007287 -0.850334
 -1.358124 -1.330725 -2.051268 -1.049823
 -1.558143 -1.270463 -2.433600 -0.865000
 -2.161229 -1.320448 -1.956435 -0.741415
 -1.292769 -1.916920 -3.526331 -0.599623
 -1.632252 -1.393842 -1.632252 -1.019149
 -2.005327 -1.243195 -3.258054 -0.619043
 -2.093760 -1.590658 -1.855349 -0.660511
 -1.826848 -1.421386 -13.676253 -0.514667
 -1.485385 -1.262242 -1.667706 -1.197704
 -1.856294 -1.593932 -2.367113 -0.603538
 -1.873878 -1.821234 -1.929448 -0.617263
 -1.075357 -1.609437 -13.652996 -0.779092
 -1.499234 -1.138222 -1.995668 -1.138222
 -1.019833 -1.115143 -2.501422 -1.471816
 -1.756252 -1.343066 -2.150155 -0.798955
 -1.178656 -1.073295 -13.972518 -1.048603
 -1.860751 -1.241714 -2.340321 -0.778142
 -1.925285 -1.163152 -2.261751 -0.826682
 -2.649204 -1.210730 -2.069389 -0.683098
 -1.265667 -1.137834 -4.356614 -0.955513
 -1.366876 -1.023106 -2.322384 -1.246249
 -1.969433 -1.363305 -2.374890 -0.670162
 -1.915137 -1.206954 -1.977657 -0.879047
 -0.967585 -1.427116 -13.815515 -0.967585
 -1.301395 -1.566087 -1.695298 -1.092304
 -0.936096 -1.446918 -2.322376 -1.292769
 -1.776010 -1.457557 -1.658227 -0.897942
 -1.594512 -1.226788 -4.890252 -0.700696
 -1.894172 -1.063827 -2.530156 -0.856188
 -2.051265 -0.916293 -2.862181 -0.881202
 -2.431414 -1.093133 -2.639052 -0.682219
 -1.289668 -0.901904 -13.444452 -1.143065
 -2.173552 -0.426647 -2.227619 -2.073469
 -2.197206 -0.656787 -2.197206 -1.349927
 -2.686992 -0.796147 -2.201487 -0.993678
 -0.747218 -0.641858 -13.253399 -13.253399
 -1.488633 -0.401583 -2.253237 -14.759418
 -0.805629 -1.142099 -1.452252 -13.060496
 -2.147389 -0.335015 -1.784485 -14.130324
 -0.434575 -1.668526 -2.858100 -2.239067
 -0.862224 -2.014902 -1.016374 -2.494473
 -0.778672 -1.712976 -1.402823 -2.164956
 -1.386294 -1.386294 -1.386294 -1.386294
 -14.690981 -0.000001 -14.690981 -14.690981
 -13.541079 -0.000004 -13.541079 -13.541079
 -14.122998 -0.000002 -14.122998 -14.122998
 -13.038990 -0.000006 -13.038990 -13.038990
 -1.386294 -1.386294 -1.386294 -1.386294
 -0.000001 -15.420941 -15.420941 -15.420941
 -1.386294 -1.386294 -1.386294 -1.386294
 -1.386294 -1.386294 -1.386294 -1.386294
 -15.420941 -15.420941 -0.000001 -15.420941
 -1.386294 -1.386294 -1.386294 -1.386294
 -1.386294 -1.386294 -1.386294 -1.386294
 -1.386294 -1.386294 -1.386294 -1.386294
 -1.386294 -1.386294 -1.386294 -1.386294
 -1.386294 -1.386294 -1.386294 -1.386294
 -1.206654 -1.635889 -0.947910 -2.133062
 -1.386294 -1.386294 -1.386294 -1.386294
 -1.636650 -1.602748 -2.059505 -0.741268
 -1.316615 -1.741496 -1.578978 -1.048352
 -1.370870 -1.478500 -2.084634 -0.931958
 -2.468086 -1.369487 -1.187167 -1.033017
 -0.953680 -1.472472 -1.858132 -1.472472
 -1.229452 -1.367602 -1.667706 -1.331235
 -1.349927 -1.216396 -1.450010 -1.561235
 -1.697349 -1.197394 -1.247825 -1.479626
 -1.146889 0.000100 0.000100 0.000100
 -1.401004 0.000100 0.000100 0.000100
 -1.551444 0.000100 0.000100 0.000100
 -1.495727 0.000100 0.000100 0.000100
 -1.390399 -1.531533 -1.089550 -1.617206
 -1.258649 -1.186905 -1.521840 -1.647720
 -1.404189 -1.159066 -1.412557 -1.623866
 -1.840679 -1.315325 -1.088343 -1.443377
 -1.372342 -1.320687 -1.367534 -1.492538
 -1.169478 -1.333719 -1.458882 -1.642584
 -1.488867 -0.993302 -1.432575 -1.799832
 -1.896415 -1.170933 -1.207974 -1.422897
 -1.090802 -1.605225 -1.564043 -1.370735
 -0.924392 -1.568521 -1.646667 -1.598581
 -1.221836 -1.210275 -1.478981 -1.718549
 -1.684260 -1.401397 -1.271132 -1.246005
 -1.368473 -1.437855 -1.192817 -1.586197
 -1.388126 -1.142260 -1.368755 -1.731961
 -1.381774 -1.164835 -1.513834 -1.528649
 -1.912584 -1.319520 -1.112779 -1.361040
 -1.353913 -1.276135 -1.341733 -1.603129
 -1.187596 -1.277843 -1.453520 -1.700115
 -1.484824 -1.000902 -1.399339 -1.837909
 -1.799956 -1.311603 -1.115074 -1.437946
 -1.108789 -1.651402 -1.553836 -1.321161
 -0.886071 -1.619556 -1.694969 -1.579219
 -1.220929 -1.237799 -1.449664 -1.712729
 -1.736108 -1.368383 -1.286067 -1.227850
 -1.335459 -1.471229 -1.118946 -1.710943
 -1.334003 -1.213590 -1.425765 -1.613817
 -1.348530 -1.142619 -1.465685 -1.658228
 -1.924217 -1.293037 -1.031375 -1.500325
 -1.306063 -1.306063 -1.362021 -1.599050
 -1.103348 -1.382627 -1.436345 -1.717427
 -1.509284 -1.059335 -1.312893 -1.812750
 -1.883991 -1.230258 -1.098612 -1.502977
 -1.096299 -1.607702 -1.527215 -1.392684
 -0.971295 -1.523088 -1.682936 -1.525363
 -1.185234 -1.302142 -1.448124 -1.674690
 -1.651731 -1.329647 -1.414290 -1.201930
 -1.392791 -1.486427 -1.057383 -1.725546
 -1.205397 -1.234325 -1.461670 -1.728518
 -1.428334 -1.094636 -1.445095 -1.661221
 -1.959039 -1.244105 -1.111112 -1.420410
 -1.416447 -1.237106 -1.359431 -1.558764
 -1.162117 -1.286950 -1.455878 -1.726704
 -1.597603 -0.939373 -1.356967 -1.901760
 -1.770521 -1.245021 -1.194885 -1.430948
 -1.105979 -1.591256 -1.576352 -1.352026
 -0.896983 -1.584522 -1.690628 -1.595770
 -1.095273 -1.320503 -1.478488 -1.768618
 -1.563126 -1.371120 -1.353209 -1.279101
 -1.370790 -1.554138 -1.030662 -1.726245
 -1.240892 -1.247435 -1.480474 -1.629115
 -1.401883 -1.171118 -1.380260 -1.648524
 -1.911335 -1.344821 -1.001231 -1.495644
 -1.360977 -1.278738 -1.385074 -1.537600
 -1.172166 -1.254149 -1.574060 -1.620580
 -1.494696 -0.968031 -1.414008 -1.879371
 -1.901072 -1.157251 -1.154901 -1.508897
 -1.101029 -1.504681 -1.619750 -1.396607
 -0.857645 -1.585654 -1.749086 -1.624077
 -1.213286 -1.215237 -1.505527 -1.691510
 -1.689105 -1.294540 -1.377326 -1.241194
 -1.340990 -1.548499 -1.087974 -1.666282
 -1.291842 -1.135242 -1.511772 -1.696235
 -1.384897 -1.147333 -1.451299 -1.619983
 -1.964175 -1.206346 -1.096030 -1.486140
 -1.457571 -1.156783 -1.401146 -1.577996
 -1.168010 -1.337480 -1.408720 -1.703460
 -1.523436 -0.937709 -1.405653 -1.928901
 -1.974081 -1.283569 -1.039020 -1.468532
 -1.109267 -1.745466 -1.458677 -1.335251
 -0.815190 -1.721664 -1.696282 -1.633154
 -1.171096 -1.352718 -1.415441 -1.668032
 -1.576698 -1.525592 -1.329136 -1.167495
 -1.435084 -1.513777 -1.019461 -1.709047
 -1.434384 -1.095813 -1.517126 -1.569597
 -1.403080 -1.145132 -1.464844 -1.585401
 -2.024024 -1.218903 -1.118215 -1.404620
 -1.317570 -1.181848 -1.504413 -1.592799
 -1.239830 -1.224082 -1.400173 -1.772047
 -1.676434 -0.856504 -1.388752 -1.973786
 -1.845594 -1.209345 -1.023906 -1.690180
 -0.732699 -1.410097 -1.290002 -16.571081
 -0.604703 -1.511199 -1.456209 -16.961817
 -0.952901 -1.198180 -1.162715 -16.725685
 -1.412848 -1.005071 -0.940244 -16.286150
 -1.620083 -1.501929 -0.903795 -1.746474
 -1.468108 -1.116284 -1.266390 -1.830725
 -1.701025 -0.952235 -1.287419 -1.860184
 -1.386294 -1.386294 -1.386294 -1.386294
 -16.453854 -0.000000 -16.453854 -16.453854
 -16.843710 0.000000 -16.843710 -16.843710
 -16.955343 0.000000 -16.955343 -16.955343
 -16.250877 -0.000000 -16.250877 -16.250877
 -1.386294 -1.386294 -1.386294 -1.386294
 0.000000 -18.052078 -18.052078 -18.052078
 -1.386294 -1.386294 -1.386294 -1.386294
 -1.386294 -1.386294 -1.386294 -1.386294
 -18.052078 -18.052078 0.000000 -18.052078
 -1.386294 -1.386294 -1.386294 -1.386294
 -1.386294 -1.386294 -1.386294 -1.386294
 -1.386294 -1.386294 -1.386294 -1.386294
 -1.386294 -1.386294 -1.386294 -1.386294
 -1.386294 -1.386294 -1.386294 -1.386294
 -1.562418 -0.910812 -1.620632 -1.658626
 -1.386294 -1.386294 -1.386294 -1.386294
 -1.086956 -1.765890 -1.507878 -1.308057
 -0.881671 -1.680950 -1.665624 -1.557606
 -1.085540 -1.401022 -1.637609 -1.507372
 -1.831253 -1.456264 -1.174299 -1.211850
 -1.304193 -1.622050 -0.992129 -1.830531
 -1.240078 -1.319100 -1.370812 -1.664096
 -1.300600 -1.260357 -1.345051 -1.695254
 -1.850219 -1.342440 -0.994268 -1.553077
