 -1.071584 0.000100 0.000100 0.000100
 -1.604882 0.000100 0.000100 0.000100
 -1.725509 0.000100 0.000100 0.000100
 -1.278198 0.000100 0.000100 0.000100
 -1.059393 -2.238039 -1.484274 -1.139435
 -0.893821 -1.299284 -1.992422 -1.704745
 -1.098615 -1.265668 -1.717647 -1.584118
 -1.545923 -1.402824 -1.471816 -1.166436
 -0.751990 -1.683544 -1.763586 -1.763586
 -0.570550 -1.526055 -1.631414 -3.828550
 -0.693152 -1.586963 -1.481604 -2.685553
 -0.858664 -1.187167 -1.512587 -2.978899
 -0.400762 -2.583989 -2.178528 -1.955386
 -0.174359 -3.218834 -2.813385 -2.813385
 -0.416899 -1.992422 -1.992422 -2.685553
 -0.998536 -1.335002 -2.944360 -1.152684
 -2.364884 -5.003849 -0.151918 -3.212173
 -3.044441 -12.254882 -0.100097 -3.044441
 -12.301401 -12.301401 -0.095323 -2.397863
 -12.506192 -12.506192 -0.117794 -2.197206
 -11.918417 -11.918417 -0.000020 -11.918417
 -9.210740 -9.210740 -0.000300 -9.210740
 -14.462616 -14.462616 -0.000002 -14.462616
 -11.695280 -11.695280 -0.000025 -11.695280
 -1.386294 -1.386294 -1.386294 -1.386294
 -1.386294 -1.386294 -1.386294 -1.386294
 -14.599414 -14.599414 -14.599414 -0.000001
 -1.386294 -1.386294 -1.386294 -1.386294
 -1.386294 -1.386294 -1.386294 -1.386294
 -1.386294 -1.386294 -1.386294 -1.386294
 -1.386294 -1.386294 -1.386294 -1.386294
 -0.235781 -5.388974 -1.987873 -2.681017
 -0.293481 -2.514229 -2.755389 -2.208850
 -9.210740 -9.210740 -9.210740 -0.000300
 -1.098616 -1.203975 -1.203975 -2.708014
 -1.609431 -1.321758 -0.916301 -2.014880
 -0.651763 -2.065453 -14.166170 -1.043805
 -0.730895 -1.686394 -12.506192 -1.098616
 -0.693155 -1.871793 -12.468452 -1.060876
 -0.613113 -3.177970 -12.388411 -0.875475
 -1.469291 -1.837014 -1.837014 -0.795564
 -1.722761 -2.639022 -1.386294 -0.693154
 -1.386294 -1.386294 -1.386294 -1.386294
 -1.412270 -2.747256 -1.466337 -0.773192
 -0.733973 -2.120255 -1.714795 -1.514127
 -1.021656 -1.609434 -3.218792 -0.916297
 -1.363305 -1.363305 -3.068012 -0.816765
 -0.743921 -2.050167 -1.781905 -1.479626
 -1.087803 -1.577349 -2.036878 -1.120592
 -0.916295 -1.157455 -2.169040 -1.763583
 -0.969405 -1.757852 -1.421385 -1.575534
 -0.885041 -2.197217 -1.945905 -1.098614
 -1.074516 -2.104129 -1.634129 -1.074516
 -0.904460 -1.945903 -2.351360 -1.029622
 -1.519824 -1.268513 -1.673972 -1.163153
 -1.198697 -1.198697 -1.945905 -1.370546
 -0.736322 -1.777771 -2.183231 -1.429466
 -0.839754 -1.481604 -1.838274 -1.704745
 -1.475905 -1.252764 -1.358124 -1.475905
 -1.595048 -1.669155 -1.400893 -1.015232
 -0.950194 -1.544899 -2.525717 -1.139435
 -0.916294 -1.504076 -2.420352 -1.241714
 -1.148625 -1.410987 -1.767657 -1.315677
 -1.170073 -1.757855 -1.421385 -1.287855
 -1.264282 0.000100 0.000100 0.000100
 -1.433375 0.000100 0.000100 0.000100
 -1.522631 0.000100 0.000100 0.000100
 -1.343549 0.000100 0.000100 0.000100
 -1.242247 -1.587281 -1.340348 -1.406375
 -1.244390 -1.351770 -1.443189 -1.528189
 -1.296291 -1.231939 -1.484756 -1.569392
 -1.669262 -1.443764 -1.247907 -1.243159
 -1.237910 -1.590526 -1.402594 -1.346174
 -1.226876 -1.425479 -1.418684 -1.494472
 -1.453813 -1.369114 -1.328650 -1.397737
 -1.745977 -1.423496 -1.319591 -1.147559
 -1.116523 -1.613390 -1.646330 -1.270765
 -1.146871 -1.315884 -1.614962 -1.536022
 -1.306534 -1.254950 -1.612239 -1.407671
 -1.610800 -1.452036 -1.328456 -1.199672
 -1.146856 -1.840003 -1.544257 -1.170929
 -1.223450 -1.455546 -1.508881 -1.380884
 -1.161990 -1.414916 -1.737648 -1.315809
 -1.948811 -1.527523 -1.161006 -1.116838
 -17.900982 -17.900982 0.000000 -17.900982
 -17.670540 -17.670540 0.000000 -17.670540
 -17.773844 -17.773844 0.000000 -17.773844
 -17.994963 -17.994963 0.000000 -17.994963
 -1.386294 -1.386294 -1.386294 -1.386294
 -1.386294 -1.386294 -1.386294 -1.386294
 -19.228941 -19.228941 -19.228941 0.000000
 -1.386294 -1.386294 -1.386294 -1.386294
 -1.386294 -1.386294 -1.386294 -1.386294
 -1.386294 -1.386294 -1.386294 -1.386294
 -1.386294 -1.386294 -1.386294 -1.386294
 -1.678383 -1.462956 -1.133298 -1.347828
 -1.300557 -1.231155 -1.756808 -1.335335
 -1.284636 -1.313562 -1.332349 -1.657939
 -1.588889 -1.233707 -1.072924 -1.816279
 -1.751088 -1.337096 -1.423692 -1.130151
 -0.887783 -1.368685 -17.740646 -1.096640
 -0.967542 -1.151801 -17.951477 -1.191001
 -1.088942 -0.988172 -17.904675 -1.233844
 -1.296116 -1.116638 -17.757092 -0.918721
 -1.313384 -1.479323 -1.407845 -1.352359
 -1.323884 -1.211060 -1.592027 -1.458838
 -1.386294 -1.386294 -1.386294 -1.386294
 -1.794199 -1.312960 -1.261466 -1.267699
 -1.269357 -1.477882 -1.397006 -1.412510
 -1.182082 -1.448145 -1.409366 -1.541516
 -1.466033 -1.262205 -1.226736 -1.645670
 -1.589754 -1.445580 -1.264850 -1.279655
 -1.150300 -1.613280 -1.618543 -1.251631
 -1.193250 -1.392125 -1.605630 -1.396521
 -1.350523 -1.278398 -1.511034 -1.419931
 -1.608096 -1.453945 -1.385719 -1.152200
 -1.267927 -1.550362 -1.363529 -1.383666
 -1.285540 -1.240972 -1.590348 -1.467326
 -1.301820 -1.229710 -1.550979 -1.498137
 -1.690903 -1.436923 -1.214470 -1.268967
 -1.223209 -1.533802 -1.433210 -1.380472
 -1.163221 -1.439779 -1.427320 -1.557839
 -1.466762 -1.242987 -1.263370 -1.618943
 -1.655360 -1.474449 -1.255550 -1.220263
 -1.157736 -1.515906 -1.709949 -1.254147
 -1.190452 -1.351584 -1.680127 -1.383355
 -1.290395 -1.268322 -1.577870 -1.439187
 -1.678777 -1.411043 -1.335188 -1.182862
