 -1.211941 0.000100 0.000100 0.000100
 -1.554431 0.000100 0.000100 0.000100
 -1.473306 0.000100 0.000100 0.000100
 -1.339774 0.000100 0.000100 0.000100
 -0.941610 -1.469676 -2.120259 -1.347074
 -0.796946 -2.065450 -1.554629 -1.554629
 -0.878072 -1.399366 -1.778854 -1.778854
 -2.174746 -1.432814 -1.432814 -0.893820
 -0.966189 -1.508512 -1.682864 -1.549333
 -0.842681 -1.443452 -1.791757 -1.791757
 -0.852780 -1.019833 -1.913645 -2.724561
 -1.408767 -1.167606 -1.241714 -1.860750
 -0.434575 -2.606789 -1.859580 -2.095968
 -0.127343 -3.135473 -3.135473 -3.423147
 -0.435322 -2.022278 -2.022278 -2.427737
 -1.098614 -1.686396 -1.155772 -1.791756
 -2.406942 -3.205443 -0.193193 -3.100084
 -1.856290 -2.367103 -0.374701 -2.772551
 -1.812374 -3.891728 -0.280908 -2.793183
 -2.803323 -3.496420 -0.164312 -2.803323
 -12.765699 -12.765699 -0.000009 -12.765699
 -11.849426 -11.849426 -0.000021 -11.849426
 -14.808764 -14.808764 -0.000001 -14.808764
 -12.043577 -12.043577 -0.000018 -12.043577
 -1.386294 -1.386294 -1.386294 -1.386294
 -1.386294 -1.386294 -1.386294 -1.386294
 -15.027452 -15.027452 -15.027452 -0.000001
 -1.386294 -1.386294 -1.386294 -1.386294
 -1.386294 -1.386294 -1.386294 -1.386294
 -1.386294 -1.386294 -1.386294 -1.386294
 -1.386294 -1.386294 -1.386294 -1.386294
 -0.613105 -4.430793 -1.021321 -2.449813
 -14.414350 -1.677645 -0.999315 -0.809559
 -10.596735 -1.386294 -0.693197 -1.386294
 -14.006134 -1.212272 -0.478304 -2.493199
 -12.577650 -2.268664 -1.064715 -0.594715
 -1.386294 -1.386294 -1.386294 -1.386294
 -13.514411 -13.514411 -0.000004 -13.514411
 -14.247295 -14.247295 -0.000002 -14.247295
 -13.892475 -13.892475 -0.000003 -13.892475
 -1.386294 -1.386294 -1.386294 -1.386294
 -1.386294 -1.386294 -1.386294 -1.386294
 -2.233591 -2.484904 -2.926735 -0.279778
 -1.386294 -1.386294 -1.386294 -1.386294
 -0.944466 -3.583430 -1.974072 -0.810935
 -0.767262 -1.945899 -1.945899 -1.386294
 -0.587799 -2.197197 -12.100735 -1.098618
 -1.219846 -2.040825 -1.476891 -1.059998
 -1.422662 -1.499623 -2.153545 -0.868353
 -1.203974 -1.203974 -1.742965 -1.491654
 -1.371479 -1.432104 -2.258774 -0.908858
 -1.504077 -1.296438 -1.766440 -1.098613
 -1.187844 -1.462280 -3.020405 -0.880361
 -1.041455 -1.498212 -1.877699 -1.307157
 -1.285199 -1.285199 -1.547561 -1.452252
 -1.471816 -1.712977 -1.712977 -0.891999
 -1.386294 -1.386294 -2.079437 -0.980831
 -1.154966 -1.032364 -2.211011 -1.517870
 -1.119233 -1.326871 -1.945904 -1.326871
 -1.215337 -1.512588 -2.131624 -1.009486
 -1.150981 -1.694594 -1.640527 -1.183771
 -1.310583 -1.121342 -1.849576 -1.397594
 -1.315677 -1.634128 -2.104124 -0.880363
 -1.314836 -1.386294 -1.504077 -1.349927
 -1.354591 0.000100 0.000100 0.000100
 -1.430763 0.000100 0.000100 0.000100
 -1.377417 0.000100 0.000100 0.000100
 -1.383931 0.000100 0.000100 0.000100
 -1.102145 -1.570027 -1.494951 -1.445862
 -1.172018 -1.546041 -1.418780 -1.447490
 -1.147403 -1.364880 -1.429042 -1.673495
 -1.742865 -1.404617 -1.136353 -1.352732
 -1.471267 -1.546665 -1.251481 -1.304428
 -1.289335 -1.272289 -1.520390 -1.488415
 -1.564370 -1.410703 -1.479904 -1.142097
 -2.050476 -1.345059 -1.203179 -1.169366
 -1.251475 -1.595786 -1.393191 -1.336033
 -1.191057 -1.331182 -1.517411 -1.548078
 -1.387702 -1.182177 -1.351737 -1.687665
 -1.740208 -1.382431 -1.133404 -1.379864
 -1.050967 -1.872895 -1.858777 -1.076285
 -1.103554 -1.578239 -1.860249 -1.183066
 -1.146509 -1.526331 -1.906795 -1.150847
 -2.066702 -1.318157 -1.268511 -1.125411
 -16.569809 -16.569809 -0.000000 -16.569809
 -16.261330 -16.261330 -0.000000 -16.261330
 -16.120094 -16.120094 -0.000000 -16.120094
 -16.687944 -16.687944 -0.000000 -16.687944
 -1.386294 -1.386294 -1.386294 -1.386294
 -1.386294 -1.386294 -1.386294 -1.386294
 -17.821934 -17.821934 -17.821934 -0.000000
 -1.386294 -1.386294 -1.386294 -1.386294
 -1.386294 -1.386294 -1.386294 -1.386294
 -1.386294 -1.386294 -1.386294 -1.386294
 -1.386294 -1.386294 -1.386294 -1.386294
 -2.000898 -1.376695 -1.154562 -1.213420
 -15.821037 -0.787650 -1.848522 -0.947736
 -16.445240 -1.132340 -1.228545 -0.954503
 -16.667374 -1.150757 -1.145297 -1.006562
 -16.608515 -1.093725 -1.216089 -0.997917
 -1.386294 -1.386294 -1.386294 -1.386294
 -16.749367 -16.749367 -0.000000 -16.749367
 -16.561499 -16.561499 -0.000000 -16.561499
 -16.839344 -16.839344 -0.000000 -16.839344
 -1.386294 -1.386294 -1.386294 -1.386294
 -1.386294 -1.386294 -1.386294 -1.386294
 -1.405217 -1.196419 -1.542570 -1.433048
 -1.386294 -1.386294 -1.386294 -1.386294
 -1.438056 -1.571588 -1.202490 -1.368647
 -1.337533 -1.218731 -1.454170 -1.568736
 -1.329231 -1.147445 -1.584226 -1.547562
 -1.850669 -1.464813 -0.905668 -1.572743
 -1.120853 -1.607868 -1.569402 -1.326086
 -1.080804 -1.451248 -1.518346 -1.573465
 -1.412203 -1.460599 -1.312369 -1.366040
 -1.975237 -1.362629 -1.115265 -1.282091
 -1.130028 -1.552661 -1.447950 -1.468631
 -1.204236 -1.437297 -1.488415 -1.440625
 -1.309333 -1.272966 -1.421182 -1.567474
 -1.778016 -1.514326 -1.106656 -1.271510
 -1.416895 -1.397314 -1.304778 -1.431120
 -1.283547 -1.294689 -1.413523 -1.581438
 -1.509019 -1.256997 -1.512209 -1.294833
 -2.008824 -1.478864 -1.041581 -1.255052
 -1.253593 -1.533553 -1.407259 -1.370650
 -1.262664 -1.359219 -1.424305 -1.516113
 -1.373615 -1.256127 -1.347435 -1.598750
 -1.700410 -1.360542 -1.136269 -1.427720
