 -1.194026 0.000100 0.000100 0.000100
 -1.527091 0.000100 0.000100 0.000100
 -1.449248 0.000100 0.000100 0.000100
 -1.406138 0.000100 0.000100 0.000100
 -1.136878 -1.691188 -1.376108 -1.417493
 -1.029620 -1.518466 -1.633535 -1.475906
 -1.030501 -1.250563 -1.814031 -1.640760
 -1.556037 -1.177601 -1.516816 -1.340926
 -1.059392 -1.441103 -1.544899 -1.592908
 -0.799443 -1.329136 -2.176432 -1.758698
 -0.829484 -1.240583 -1.629240 -2.545527
 -2.014901 -1.034074 -1.226446 -1.524280
 -0.815486 -1.640209 -1.721555 -1.688218
 -0.689492 -1.895899 -1.639179 -1.871801
 -0.888755 -1.312912 -1.756842 -1.915907
 -1.267846 -1.480407 -1.226174 -1.621486
 -1.443882 -2.305020 -0.611422 -2.106569
 -1.751753 -2.333673 -0.559617 -1.844126
 -1.488810 -1.940794 -0.572520 -2.708045
 -2.466883 -2.333353 -0.414599 -1.847848
 -14.452089 -14.452089 -0.000002 -14.452089
 -13.854735 -13.854735 -0.000003 -13.854735
 -15.527506 -15.527506 -0.000001 -15.527506
 -13.997835 -13.997835 -0.000002 -13.997835
 -1.386294 -1.386294 -1.386294 -1.386294
 -1.386294 -1.386294 -1.386294 -1.386294
 -16.084539 -16.084539 -16.084539 -0.000000
 -1.386294 -1.386294 -1.386294 -1.386294
 -1.386294 -1.386294 -1.386294 -1.386294
 -1.386294 -1.386294 -1.386294 -1.386294
 -1.386294 -1.386294 -1.386294 -1.386294
 -0.681836 -4.571604 -0.782889 -3.616098
 -0.000001 -15.402703 -15.402703 -15.402703
 -0.000030 -11.512965 -11.512965 -11.512965
 -0.000001 -15.301651 -15.301651 -15.301651
 -0.000011 -12.468452 -12.468452 -12.468452
 -16.084539 -16.084539 -0.000000 -16.084539
 -1.386294 -1.386294 -1.386294 -1.386294
 -1.386294 -1.386294 -1.386294 -1.386294
 -1.386294 -1.386294 -1.386294 -1.386294
 -1.386294 -1.386294 -1.386294 -1.386294
 -1.386294 -1.386294 -1.386294 -1.386294
 -16.084539 -16.084539 -16.084539 -0.000000
 -1.386294 -1.386294 -1.386294 -1.386294
 -1.386294 -1.386294 -1.386294 -1.386294
 -1.386294 -1.386294 -1.386294 -1.386294
 -1.386294 -1.386294 -1.386294 -1.386294
 -1.127995 -2.014386 -1.414613 -1.204318
 -1.469537 -1.351754 -1.497708 -1.246394
 -1.248895 -1.098613 -1.815288 -1.527607
 -1.630944 -1.316451 -1.269931 -1.365241
 -1.609438 -1.609438 -1.421386 -1.025490
 -0.895385 -1.834931 -1.960093 -1.234158
 -1.070442 -1.458207 -1.763588 -1.374124
 -1.030501 -1.574802 -1.928441 -1.235296
 -1.437214 -1.351448 -1.564369 -1.223067
 -1.180224 -1.687653 -1.575536 -1.200843
 -1.291415 -1.400614 -1.614188 -1.274321
 -1.168041 -1.386294 -1.436305 -1.603358
 -1.639179 -1.215023 -1.404779 -1.332806
 -0.955512 -1.535330 -1.689480 -1.535330
 -1.133551 -1.292156 -1.787476 -1.443705
 -1.271632 -1.222842 -1.494775 -1.604775
 -1.433547 -1.609438 -1.500238 -1.083345
 -1.504077 0.000100 0.000100 0.000100
 -1.324737 0.000100 0.000100 0.000100
 -1.578185 0.000100 0.000100 0.000100
 -1.185624 0.000100 0.000100 0.000100
 -0.934312 -1.722764 -1.317302 -1.828123
 -1.160171 -1.496642 -1.208961 -1.806794
 -1.386294 -1.466336 -1.466336 -1.243195
 -2.041215 -2.041215 -0.909820 -1.085710
 -1.098614 -1.791756 -1.481604 -1.299284
 -0.959779 -1.770702 -1.452252 -1.547561
 -1.312187 -1.871799 -1.360977 -1.137834
 -1.712976 -1.471816 -1.338285 -1.115143
 -1.280934 -1.504077 -1.332227 -1.443452
 -1.727217 -0.973452 -1.609436 -1.408767
 -1.562184 -1.131404 -1.562184 -1.354546
 -2.093229 -1.457246 -1.199418 -1.071585
 -0.916294 -1.966107 -1.966107 -1.139436
 -1.203974 -2.051265 -1.475906 -1.070443
 -1.252764 -1.370546 -1.658226 -1.309922
 -1.400893 -1.749197 -1.400893 -1.098614
 -13.541079 -13.541079 -0.000004 -13.541079
 -12.994539 -12.994539 -0.000007 -12.994539
 -13.161592 -13.161592 -0.000006 -13.161592
 -13.592372 -13.592372 -0.000004 -13.592372
 -1.386294 -1.386294 -1.386294 -1.386294
 -1.386294 -1.386294 -1.386294 -1.386294
 -14.739771 -14.739771 -14.739771 -0.000001
 -1.386294 -1.386294 -1.386294 -1.386294
 -1.386294 -1.386294 -1.386294 -1.386294
 -1.386294 -1.386294 -1.386294 -1.386294
 -1.386294 -1.386294 -1.386294 -1.386294
 -1.974080 -0.996830 -1.309922 -1.504077
 -0.000009 -12.765699 -12.765699 -12.765699
 -0.000003 -13.742944 -13.742944 -13.742944
 -0.000004 -13.429854 -13.429854 -13.429854
 -0.000005 -13.235699 -13.235699 -13.235699
 -14.739771 -14.739771 -0.000001 -14.739771
 -1.386294 -1.386294 -1.386294 -1.386294
 -1.386294 -1.386294 -1.386294 -1.386294
 -1.386294 -1.386294 -1.386294 -1.386294
 -1.386294 -1.386294 -1.386294 -1.386294
 -1.386294 -1.386294 -1.386294 -1.386294
 -14.739771 -14.739771 -14.739771 -0.000001
 -1.386294 -1.386294 -1.386294 -1.386294
 -1.386294 -1.386294 -1.386294 -1.386294
 -1.386294 -1.386294 -1.386294 -1.386294
 -1.386294 -1.386294 -1.386294 -1.386294
 -1.745239 -1.309922 -1.370546 -1.198696
 -1.076142 -1.299284 -1.704745 -1.586963
 -1.174986 -1.329136 -1.511457 -1.580449
 -1.325670 -1.067842 -1.593932 -1.673974
 -1.558144 -1.440361 -1.691674 -0.998531
 -2.036876 -1.461517 -1.056054 -1.238375
 -1.113002 -1.540444 -1.540444 -1.415282
 -1.272967 -1.272967 -1.514127 -1.514127
 -1.578184 -1.658226 -0.965083 -1.504077
 -1.033017 -1.438480 -1.774949 -1.438480
 -0.907560 -2.433600 -1.403994 -1.335001
 -1.045970 -1.531476 -1.819155 -1.308333
 -1.729236 -1.642226 -1.131404 -1.182697
 -1.062246 -2.197218 -1.303407 -1.303407
 -1.547561 -1.547561 -1.547561 -1.016937
 -1.386294 -1.252764 -2.079434 -1.080915
 -2.022278 -1.275069 -1.128467 -1.329136
