 -0.985672 0.000100 0.000100 0.000100
 -1.542863 0.000100 0.000100 0.000100
 -1.859200 0.000100 0.000100 0.000100
 -1.357721 0.000100 0.000100 0.000100
 -1.051211 -1.801514 -1.415853 -1.415853
 -0.858664 -1.774949 -1.512587 -1.679640
 -1.122145 -0.765472 -2.662564 -1.969433
 -1.218158 -1.490090 -1.490090 -1.372308
 -0.850778 -1.197053 -1.925288 -2.079437
 -1.007643 -1.198697 -2.063687 -1.578184
 -0.907560 -0.824178 -2.097134 -3.349861
 -1.455287 -0.836251 -1.897115 -1.696447
 -0.520778 -2.130209 -1.976060 -1.907068
 -0.346627 -2.197219 -2.515670 -2.292529
 -0.418717 -1.845820 -2.538951 -2.251277
 -1.691672 -1.558143 -0.998532 -1.440361
 -2.689694 -2.890363 -0.204796 -2.785004
 -2.512283 -2.001471 -0.352828 -2.512283
 -2.970375 -2.564926 -0.229581 -2.564926
 -2.944399 -2.944399 -0.171858 -2.944399
 -12.100735 -12.100735 -0.000017 -12.100735
 -12.154800 -12.154800 -0.000016 -12.154800
 -14.608505 -14.608505 -0.000001 -14.608505
 -12.100735 -12.100735 -0.000017 -12.100735
 -1.386294 -1.386294 -1.386294 -1.386294
 -1.386294 -1.386294 -1.386294 -1.386294
 -14.830743 -14.830743 -14.830743 -0.000001
 -1.386294 -1.386294 -1.386294 -1.386294
 -1.386294 -1.386294 -1.386294 -1.386294
 -1.386294 -1.386294 -1.386294 -1.386294
 -1.386294 -1.386294 -1.386294 -1.386294
 -0.400046 -4.521757 -1.250953 -3.423167
 -0.000002 -14.430698 -14.430698 -14.430698
 -0.000100 -10.309086 -10.309086 -10.309086
 -0.000004 -13.579793 -13.579793 -13.579793
 -0.000033 -11.407610 -11.407610 -11.407610
 -14.830743 -14.830743 -0.000001 -14.830743
 -1.386294 -1.386294 -1.386294 -1.386294
 -1.386294 -1.386294 -1.386294 -1.386294
 -1.386294 -1.386294 -1.386294 -1.386294
 -1.386294 -1.386294 -1.386294 -1.386294
 -1.386294 -1.386294 -1.386294 -1.386294
 -0.858227 -0.784120 -2.123892 -14.830743
 -1.386294 -1.386294 -1.386294 -1.386294
 -1.124589 -1.928958 -1.717650 -1.048603
 -0.904457 -2.271328 -2.063690 -1.007642
 -0.857455 -1.704744 -1.704744 -1.550595
 -1.386294 -1.386294 -1.386294 -1.386294
 -1.023812 -1.744356 -2.437497 -0.971169
 -1.280935 -1.974072 -2.197211 -0.750311
 -0.716682 -1.969433 -2.151752 -1.363305
 -1.016936 -1.904235 -1.835242 -1.109309
 -0.840785 -1.985912 -2.679052 -1.014056
 -1.122145 -1.681755 -1.563974 -1.276294
 -0.931563 -0.931563 -2.397874 -2.110200
 -1.406914 -1.289131 -1.751752 -1.183771
 -1.027518 -1.663504 -1.663504 -1.335001
 -1.642226 -1.236763 -1.488076 -1.236763
 -1.504076 -1.637606 -1.280935 -1.185626
 -1.199966 -1.283347 -1.853888 -1.327798
 -1.150573 -1.804496 -1.596858 -1.150573
 -1.098614 -1.356442 -1.791756 -1.417066
 -1.368276 -1.442383 -1.368276 -1.368276
 -1.072638 -1.622682 -1.622682 -1.335001
 -1.420719 0.000100 0.000100 0.000100
 -1.328488 0.000100 0.000100 0.000100
 -1.302400 0.000100 0.000100 0.000100
 -1.506414 0.000100 0.000100 0.000100
 -1.307367 -1.400893 -1.221845 -1.669157
 -0.936314 -1.711377 -1.364507 -1.761388
 -1.323904 -1.261384 -1.246346 -1.813451
 -1.440361 -1.583462 -1.203973 -1.355204
 -1.185624 -1.815856 -1.768228 -1.018570
 -1.371181 -1.522003 -1.240153 -1.433056
 -1.188997 -1.450010 -1.398717 -1.541817
 -2.215571 -1.321756 -1.522426 -0.901254
 -1.363720 -1.582409 -1.154966 -1.497251
 -1.213023 -1.109483 -1.888150 -1.506783
 -1.540445 -0.859275 -2.187070 -1.386294
 -1.835503 -1.421942 -1.192368 -1.218343
 -1.224807 -1.684339 -1.461195 -1.242507
 -1.262773 -1.335798 -1.276958 -1.741263
 -1.545534 -1.240153 -1.156070 -1.699684
 -1.657065 -1.586448 -0.988612 -1.458615
 -14.562201 -14.562201 -0.000001 -14.562201
 -14.523548 -14.523548 -0.000002 -14.523548
 -14.759418 -14.759418 -0.000001 -14.759418
 -14.436090 -14.436090 -0.000002 -14.436090
 -1.386294 -1.386294 -1.386294 -1.386294
 -1.386294 -1.386294 -1.386294 -1.386294
 -15.963778 -15.963778 -15.963778 -0.000000
 -1.386294 -1.386294 -1.386294 -1.386294
 -1.386294 -1.386294 -1.386294 -1.386294
 -1.386294 -1.386294 -1.386294 -1.386294
 -1.386294 -1.386294 -1.386294 -1.386294
 -1.833457 -1.056345 -1.073265 -1.893625
 -0.000002 -14.130324 -14.130324 -14.130324
 -0.000001 -14.907435 -14.907435 -14.907435
 -0.000001 -14.890514 -14.890514 -14.890514
 -0.000002 -14.070156 -14.070156 -14.070156
 -15.963778 -15.963778 -0.000000 -15.963778
 -1.386294 -1.386294 -1.386294 -1.386294
 -1.386294 -1.386294 -1.386294 -1.386294
 -1.386294 -1.386294 -1.386294 -1.386294
 -1.386294 -1.386294 -1.386294 -1.386294
 -1.386294 -1.386294 -1.386294 -1.386294
 -1.227985 -0.859035 -1.260377 -15.963778
 -1.386294 -1.386294 -1.386294 -1.386294
 -1.131004 -1.696811 -1.555161 -1.262773
 -1.149471 -1.645907 -1.383543 -1.428495
 -1.098613 -1.642913 -1.450010 -1.432618
 -1.386294 -1.386294 -1.386294 -1.386294
 -1.361338 -1.389911 -1.389911 -1.404510
 -1.181728 -1.356081 -1.430188 -1.628014
 -1.432104 -1.333013 -1.391282 -1.391282
 -1.848917 -1.546637 -0.932628 -1.443453
 -1.442005 -1.401183 -1.381380 -1.324222
 -1.098613 -1.321756 -1.585907 -1.633535
 -1.398717 -1.318674 -1.334178 -1.504077
 -1.776943 -1.453157 -1.160171 -1.260254
 -1.012781 -1.667706 -1.506438 -1.485385
 -1.067007 -2.017198 -1.324052 -1.359143
 -1.080675 -1.569521 -1.355111 -1.636962
 -1.831367 -1.521213 -1.338892 -1.023812
 -1.270222 -1.312186 -1.355989 -1.648658
 -1.548813 -0.997637 -1.641186 -1.491655
 -1.332227 -1.018570 -1.791759 -1.568616
 -1.964174 -1.355111 -1.208508 -1.193470
